Sequence number	Sequence ID	V-DOMAIN Functionality	V-GENE and allele	V-REGION Nb of positions including IMGT gaps (AA)	V-REGION Nb of AA	V-REGION Nb of identical AA	V-REGION Nb of AA changes	V-REGION +++	V-REGION ++-	V-REGION +-+	V-REGION +--	V-REGION -+-	V-REGION --+	V-REGION ---	V-REGION Very similar	V-REGION Similar	V-REGION Dissimilar	V-REGION Very dissimilar	FR1-IMGT Nb of positions including IMGT gaps (AA)	FR1-IMGT Nb of AA	FR1-IMGT Nb of identical AA	FR1-IMGT Nb of AA changes	FR1-IMGT +++	FR1-IMGT ++-	FR1-IMGT +-+	FR1-IMGT +--	FR1-IMGT -+-	FR1-IMGT --+	FR1-IMGT ---	FR1-IMGT Very similar	FR1-IMGT Similar	FR1-IMGT Dissimilar	FR1-IMGT Very dissimilar	CDR1-IMGT Nb of positions including IMGT gaps (AA)	CDR1-IMGT Nb of AA	CDR1-IMGT Nb of identical AA	CDR1-IMGT Nb of AA changes	CDR1-IMGT +++	CDR1-IMGT ++-	CDR1-IMGT +-+	CDR1-IMGT +--	CDR1-IMGT -+-	CDR1-IMGT --+	CDR1-IMGT ---	CDR1-IMGT Very similar	CDR1-IMGT Similar	CDR1-IMGT Dissimilar	CDR1-IMGT Very dissimilar	FR2-IMGT Nb of positions including IMGT gaps (AA)	FR2-IMGT Nb of AA	FR2-IMGT Nb of identical AA	FR2-IMGT Nb of AA changes	FR2-IMGT +++	FR2-IMGT ++-	FR2-IMGT +-+	FR2-IMGT +--	FR2-IMGT -+-	FR2-IMGT --+	FR2-IMGT ---	FR2-IMGT Very similar	FR2-IMGT Similar	FR2-IMGT Dissimilar	FR2-IMGT Very dissimilar	CDR2-IMGT Nb of positions including IMGT gaps (AA)	CDR2-IMGT Nb of AA	CDR2-IMGT Nb of identical AA	CDR2-IMGT Nb of AA changes	CDR2-IMGT +++	CDR2-IMGT ++-	CDR2-IMGT +-+	CDR2-IMGT +--	CDR2-IMGT -+-	CDR2-IMGT --+	CDR2-IMGT ---	CDR2-IMGT Very similar	CDR2-IMGT Similar	CDR2-IMGT Dissimilar	CDR2-IMGT Very dissimilar	FR3-IMGT Nb of positions including IMGT gaps (AA)	FR3-IMGT Nb of AA	FR3-IMGT Nb of identical AA	FR3-IMGT Nb of AA changes	FR3-IMGT +++	FR3-IMGT ++-	FR3-IMGT +-+	FR3-IMGT +--	FR3-IMGT -+-	FR3-IMGT --+	FR3-IMGT ---	FR3-IMGT Very similar	FR3-IMGT Similar	FR3-IMGT Dissimilar	FR3-IMGT Very dissimilar	CDR3-IMGT Nb of positions including IMGT gaps (AA)	CDR3-IMGT Nb of AA	CDR3-IMGT Nb of identical AA	CDR3-IMGT Nb of AA changes	CDR3-IMGT +++	CDR3-IMGT ++-	CDR3-IMGT +-+	CDR3-IMGT +--	CDR3-IMGT -+-	CDR3-IMGT --+	CDR3-IMGT ---	CDR3-IMGT Very similar	CDR3-IMGT Similar	CDR3-IMGT Dissimilar	CDR3-IMGT Very dissimilar	
1	_166_@M01093:134:000000000-D893R:1:1101:19593:1278	productive	Homsap IGHV4-59*01 F	105 (106)	82 (83)	81	1 (2)	0	1	0	0	0	0	0 (1)	0	1	0	0 (1)	26	11	11	0	0	0	0	0	0	0	0	0	0	0	0	12	8	8	0	0	0	0	0	0	0	0	0	0	0	0	17	17	17	0	0	0	0	0	0	0	0	0	0	0	0	10	7	7	0	0	0	0	0	0	0	0	0	0	0	0	39	38	37	1	0	1	0	0	0	0	0	0	1	0	0	1 (2)	1 (2)	1	0 (1)	0	0	0	0	0	0	0 (1)	0	0	0	0 (1)	
2	_169_@M01093:134:000000000-D893R:1:1101:21003:1286	unproductive	Homsap IGHV4-59*01 F	105 (106)	82 (83)	80	2 (3)	0	0	0	0	0	0	2 (3)	0	0	0	2 (3)	26	11	11	0	0	0	0	0	0	0	0	0	0	0	0	12	8	8	0	0	0	0	0	0	0	0	0	0	0	0	17	17	15	2	0	0	0	0	0	0	2	0	0	0	2	10	7	7	0	0	0	0	0	0	0	0	0	0	0	0	39	38	38	0	0	0	0	0	0	0	0	0	0	0	0	1 (2)	1 (2)	1	0 (1)	0	0	0	0	0	0	0 (1)	0	0	0	0 (1)	
3	_174_@M01093:134:000000000-D893R:1:1101:17134:1303	productive	Homsap IGHV3-23*03 F	105 (106)	83 (84)	65 (66)	18	1	1	4	4	1	0	7	1	5	5	7	26	11	11	0	0	0	0	0	0	0	0	0	0	0	0	12	8	7	1	0	0	0	0	1	0	0	0	0	1	0	17	17	14	3	1	0	1	1	0	0	0	1	1	1	0	10	8	4	4	0	1	0	0	0	0	3	0	1	0	3	39	38	28	10	0	0	3	3	0	0	4	0	3	3	4	1 (2)	1 (2)	1 (2)	0	0	0	0	0	0	0	0	0	0	0	0	
4	_177_@M01093:134:000000000-D893R:1:1101:20150:1306	productive	Homsap IGHV4-34*01 F, or Homsap IGHV4-34*02 F	106	83	83	0	0	0	0	0	0	0	0	0	0	0	0	26	11	11	0	0	0	0	0	0	0	0	0	0	0	0	12	8	8	0	0	0	0	0	0	0	0	0	0	0	0	17	17	17	0	0	0	0	0	0	0	0	0	0	0	0	10	7	7	0	0	0	0	0	0	0	0	0	0	0	0	39	38	38	0	0	0	0	0	0	0	0	0	0	0	0	2	2	2	0	0	0	0	0	0	0	0	0	0	0	0	
5	_182_@M01093:134:000000000-D893R:1:1101:23320:1332	unproductive	Homsap IGHV1-2*02 F	106	63	61	2	0	0	0	1	0	0	1	0	0	1	1	-	-	-	-	-	-	-	-	-	-	-	-				-	-	-	-	-	-	-	-	-	-	-	-				17	15	14	1	0	0	0	1	0	0	0	0	0	1	0	10	8	7	1	0	0	0	0	0	0	1	0	0	0	1	39	38	38	0	0	0	0	0	0	0	0	0	0	0	0	2	2	2	0	0	0	0	0	0	0	0	0	0	0	0	
6	_189_@M01093:134:000000000-D893R:1:1101:24098:1354	productive	Homsap IGHV3-23*03 F	105 (106)	83 (84)	61 (62)	22	3	1	4	4	1	0	9	3	5	5	9	26	11	8	3	2	0	0	0	0	0	1	2	0	0	1	12	8	7	1	0	0	0	0	1	0	0	0	0	1	0	17	17	14	3	1	0	1	1	0	0	0	1	1	1	0	10	8	3	5	0	1	0	0	0	0	4	0	1	0	4	39	38	28	10	0	0	3	3	0	0	4	0	3	3	4	1 (2)	1 (2)	1 (2)	0	0	0	0	0	0	0	0	0	0	0	0	
7	_191_@M01093:134:000000000-D893R:1:1101:20305:1366	productive	Homsap IGHV3-23*03 F	105 (106)	83 (84)	63 (64)	20	1	1	4	4	2	0	8	1	5	6	8	26	11	11	0	0	0	0	0	0	0	0	0	0	0	0	12	8	7	1	0	0	0	0	1	0	0	0	0	1	0	17	17	12	5	1	0	1	1	1	0	1	1	1	2	1	10	8	4	4	0	1	0	0	0	0	3	0	1	0	3	39	38	28	10	0	0	3	3	0	0	4	0	3	3	4	1 (2)	1 (2)	1 (2)	0	0	0	0	0	0	0	0	0	0	0	0	
8	>15_@M01093:134:000000000-D893R:1:1101:18330:4310	productive	Homsap IGHV4-34*01 F, or Homsap IGHV4-34*02 F	106	83	75	8	0	0	0	3	2	0	3	0	0	5	3	26	11	11	0	0	0	0	0	0	0	0	0	0	0	0	12	8	8	0	0	0	0	0	0	0	0	0	0	0	0	17	17	12	5	0	0	0	2	1	0	2	0	0	3	2	10	7	7	0	0	0	0	0	0	0	0	0	0	0	0	39	38	35	3	0	0	0	1	1	0	1	0	0	2	1	2	2	2	0	0	0	0	0	0	0	0	0	0	0	0	
9	>20_@M01093:134:000000000-D893R:1:1101:17961:4885	unproductive	Homsap IGHV1-18*01 F	106	83	79	4	0	2	0	1	0	0	1	0	2	1	1	26	10	9	1	0	0	0	1	0	0	0	0	0	1	0	12	8	7	1	0	1	0	0	0	0	0	0	1	0	0	17	17	15	2	0	1	0	0	0	0	1	0	1	0	1	10	8	8	0	0	0	0	0	0	0	0	0	0	0	0	39	38	38	0	0	0	0	0	0	0	0	0	0	0	0	2	2	2	0	0	0	0	0	0	0	0	0	0	0	0	
10	>24_@M01093:134:000000000-D893R:1:1101:19646:5294	productive	Homsap IGHV4-34*01 F, or Homsap IGHV4-34*02 F	106	83	78	5	0	1	0	2	0	0	2	0	1	2	2	26	11	11	0	0	0	0	0	0	0	0	0	0	0	0	12	8	8	0	0	0	0	0	0	0	0	0	0	0	0	17	17	14	3	0	1	0	1	0	0	1	0	1	1	1	10	7	6	1	0	0	0	0	0	0	1	0	0	0	1	39	38	37	1	0	0	0	1	0	0	0	0	0	1	0	2	2	2	0	0	0	0	0	0	0	0	0	0	0	0	
11	>50_@M01093:134:000000000-D893R:1:1101:22556:7334	productive	Homsap IGHV4-34*01 F, or Homsap IGHV4-34*02 F	106	83	77	6	0	1	1	1	1	0	2	0	2	2	2	26	11	11	0	0	0	0	0	0	0	0	0	0	0	0	12	8	8	0	0	0	0	0	0	0	0	0	0	0	0	17	17	12	5	0	1	1	1	1	0	1	0	2	2	1	10	7	6	1	0	0	0	0	0	0	1	0	0	0	1	39	38	38	0	0	0	0	0	0	0	0	0	0	0	0	2	2	2	0	0	0	0	0	0	0	0	0	0	0	0	
12	>65_@M01093:134:000000000-D893R:1:1101:27706:8294	No results	
13	>71_@M01093:134:000000000-D893R:1:1101:4924:8548	No results	
14	>81_@M01093:134:000000000-D893R:1:1101:22434:8920	productive	Homsap IGHV3-23*03 F	105 (106)	83 (84)	62 (63)	21	3	1	4	4	1	0	8	3	5	5	8	26	11	8	3	2	0	0	0	0	0	1	2	0	0	1	12	8	7	1	0	0	0	0	1	0	0	0	0	1	0	17	17	14	3	1	0	1	1	0	0	0	1	1	1	0	10	8	4	4	0	1	0	0	0	0	3	0	1	0	3	39	38	28	10	0	0	3	3	0	0	4	0	3	3	4	1 (2)	1 (2)	1 (2)	0	0	0	0	0	0	0	0	0	0	0	0	
15	>90_@M01093:134:000000000-D893R:1:1101:23684:9442	productive	Homsap IGHV3-23*03 F	105 (106)	83 (84)	57 (58)	26	1	2	4	6	3	0	10	1	6	9	10	26	11	9	2	0	1	0	0	0	0	1	0	1	0	1	12	8	7	1	0	0	0	0	1	0	0	0	0	1	0	17	17	9	8	1	0	1	3	2	0	1	1	1	5	1	10	8	4	4	0	1	0	0	0	0	3	0	1	0	3	39	38	27	11	0	0	3	3	0	0	5	0	3	3	5	1 (2)	1 (2)	1 (2)	0	0	0	0	0	0	0	0	0	0	0	0	
16	>95_@M01093:134:000000000-D893R:1:1101:18796:9661	productive	Homsap IGHV3-23*03 F	105 (106)	82 (83)	62 (63)	20	1	1	4	5	1	0	8	1	5	6	8	26	10	9	1	0	0	0	0	0	0	1	0	0	0	1	12	8	7	1	0	0	0	0	1	0	0	0	0	1	0	17	17	14	3	1	0	1	1	0	0	0	1	1	1	0	10	8	3	5	0	1	0	0	0	0	4	0	1	0	4	39	38	28	10	0	0	3	4	0	0	3	0	3	4	3	1 (2)	1 (2)	1 (2)	0	0	0	0	0	0	0	0	0	0	0	0	
17	_259_@M01093:134:000000000-D893R:1:1101:20334:1523	productive	Homsap IGHV3-23*03 F	105 (106)	83 (84)	61 (62)	22	3	1	4	4	1	0	9	3	5	5	9	26	11	8	3	2	0	0	0	0	0	1	2	0	0	1	12	8	7	1	0	0	0	0	1	0	0	0	0	1	0	17	17	14	3	1	0	1	1	0	0	0	1	1	1	0	10	8	3	5	0	1	0	0	0	0	4	0	1	0	4	39	38	28	10	0	0	3	3	0	0	4	0	3	3	4	1 (2)	1 (2)	1 (2)	0	0	0	0	0	0	0	0	0	0	0	0	
18	_262_@M01093:134:000000000-D893R:1:1101:20562:1527	productive	Homsap IGHV4-34*01 F, or Homsap IGHV4-34*02 F	106	83	82	1	0	0	0	0	0	0	1	0	0	0	1	26	11	10	1	0	0	0	0	0	0	1	0	0	0	1	12	8	8	0	0	0	0	0	0	0	0	0	0	0	0	17	17	17	0	0	0	0	0	0	0	0	0	0	0	0	10	7	7	0	0	0	0	0	0	0	0	0	0	0	0	39	38	38	0	0	0	0	0	0	0	0	0	0	0	0	2	2	2	0	0	0	0	0	0	0	0	0	0	0	0	
19	_266_@M01093:134:000000000-D893R:1:1101:22218:1534	productive	Homsap IGHV4-34*01 F, or Homsap IGHV4-34*02 F	104 (106)	81 (83)	81 (82)	0 (1)	0	0	0	0	0	0	0 (1)	0	0	0	0 (1)	26	11	11	0	0	0	0	0	0	0	0	0	0	0	0	12	8	8	0	0	0	0	0	0	0	0	0	0	0	0	17	17	17	0	0	0	0	0	0	0	0	0	0	0	0	10	7	7	0	0	0	0	0	0	0	0	0	0	0	0	39	38	38	0	0	0	0	0	0	0	0	0	0	0	0	0 (2)	0 (2)	0 (1)	0 (1)	0	0	0	0	0	0	0 (1)	0	0	0	0 (1)	
20	_296_@M01093:134:000000000-D893R:1:1101:22349:1624	productive	Homsap IGHV4-34*01 F, or Homsap IGHV4-34*02 F	106	83	83	0	0	0	0	0	0	0	0	0	0	0	0	26	11	11	0	0	0	0	0	0	0	0	0	0	0	0	12	8	8	0	0	0	0	0	0	0	0	0	0	0	0	17	17	17	0	0	0	0	0	0	0	0	0	0	0	0	10	7	7	0	0	0	0	0	0	0	0	0	0	0	0	39	38	38	0	0	0	0	0	0	0	0	0	0	0	0	2	2	2	0	0	0	0	0	0	0	0	0	0	0	0	
21	_108_@M01093:134:000000000-D893R:1:1101:20393:1034	unproductive	Homsap IGHV4-4*01 F, or Homsap IGHV4-4*02 F	105 (106)	83 (84)	80 (81)	3	0	0	0	1	1	0	1	0	0	2	1	26	11	9	2	0	0	0	1	0	0	1	0	0	1	1	12	9	9	0	0	0	0	0	0	0	0	0	0	0	0	17	17	17	0	0	0	0	0	0	0	0	0	0	0	0	10	7	7	0	0	0	0	0	0	0	0	0	0	0	0	39	38	37	1	0	0	0	0	1	0	0	0	0	1	0	1 (2)	1 (2)	1 (2)	0	0	0	0	0	0	0	0	0	0	0	0	
22	_109_@M01093:134:000000000-D893R:1:1101:16043:1045	productive	Homsap IGHV3-23*03 F	105 (106)	83 (84)	60 (61)	23	3	1	5	4	1	0	9	3	6	5	9	26	11	8	3	2	0	0	0	0	0	1	2	0	0	1	12	8	7	1	0	0	0	0	1	0	0	0	0	1	0	17	17	14	3	1	0	1	1	0	0	0	1	1	1	0	10	8	3	5	0	1	0	0	0	0	4	0	1	0	4	39	38	27	11	0	0	4	3	0	0	4	0	4	3	4	1 (2)	1 (2)	1 (2)	0	0	0	0	0	0	0	0	0	0	0	0	
23	_110_@M01093:134:000000000-D893R:1:1101:19602:1065	productive	Homsap IGHV4-59*01 F	105 (106)	82 (83)	79	3 (4)	0	0	1	0	0	0	2 (3)	0	1	0	2 (3)	26	11	11	0	0	0	0	0	0	0	0	0	0	0	0	12	8	8	0	0	0	0	0	0	0	0	0	0	0	0	17	17	15	2	0	0	1	0	0	0	1	0	1	0	1	10	7	7	0	0	0	0	0	0	0	0	0	0	0	0	39	38	37	1	0	0	0	0	0	0	1	0	0	0	1	1 (2)	1 (2)	1	0 (1)	0	0	0	0	0	0	0 (1)	0	0	0	0 (1)	
24	_117_@M01093:134:000000000-D893R:1:1101:25197:1086	productive	Homsap IGHV3-23*03 F	105 (106)	83 (84)	58 (59)	25	1	2	4	6	2	0	10	1	6	8	10	26	11	10	1	0	0	0	0	0	0	1	0	0	0	1	12	8	7	1	0	0	0	0	1	0	0	0	0	1	0	17	17	9	8	1	1	1	3	1	0	1	1	2	4	1	10	8	3	5	0	1	0	0	0	0	4	0	1	0	4	39	38	28	10	0	0	3	3	0	0	4	0	3	3	4	1 (2)	1 (2)	1 (2)	0	0	0	0	0	0	0	0	0	0	0	0	
25	_123_@M01093:134:000000000-D893R:1:1101:22703:1108	productive	Homsap IGHV4-34*01 F, or Homsap IGHV4-34*02 F	106	83	80	3	0	0	0	1	0	0	2	0	0	1	2	26	11	11	0	0	0	0	0	0	0	0	0	0	0	0	12	8	8	0	0	0	0	0	0	0	0	0	0	0	0	17	17	15	2	0	0	0	1	0	0	1	0	0	1	1	10	7	6	1	0	0	0	0	0	0	1	0	0	0	1	39	38	38	0	0	0	0	0	0	0	0	0	0	0	0	2	2	2	0	0	0	0	0	0	0	0	0	0	0	0	
26	_133_@M01093:134:000000000-D893R:1:1101:19258:1136	productive	Homsap IGHV4-59*01 F	105 (106)	82 (83)	77	5 (6)	0	1	2	0	0	0	2 (3)	0	3	0	2 (3)	26	11	6	5	0	1	2	0	0	0	2	0	3	0	2	12	8	8	0	0	0	0	0	0	0	0	0	0	0	0	17	17	17	0	0	0	0	0	0	0	0	0	0	0	0	10	7	7	0	0	0	0	0	0	0	0	0	0	0	0	39	38	38	0	0	0	0	0	0	0	0	0	0	0	0	1 (2)	1 (2)	1	0 (1)	0	0	0	0	0	0	0 (1)	0	0	0	0 (1)	
27	_148_@M01093:134:000000000-D893R:1:1101:19392:1212	productive	Homsap IGHV4-59*01 F	105 (106)	82 (83)	81	1 (2)	0	0	1	0	0	0	0 (1)	0	1	0	0 (1)	26	11	10	1	0	0	1	0	0	0	0	0	1	0	0	12	8	8	0	0	0	0	0	0	0	0	0	0	0	0	17	17	17	0	0	0	0	0	0	0	0	0	0	0	0	10	7	7	0	0	0	0	0	0	0	0	0	0	0	0	39	38	38	0	0	0	0	0	0	0	0	0	0	0	0	1 (2)	1 (2)	1	0 (1)	0	0	0	0	0	0	0 (1)	0	0	0	0 (1)	
28	_352_@M01093:134:000000000-D893R:1:1101:19115:1770	productive	Homsap IGHV3-23*03 F	105 (106)	83 (84)	61 (62)	22	3	1	4	4	1	0	9	3	5	5	9	26	11	8	3	2	0	0	0	0	0	1	2	0	0	1	12	8	7	1	0	0	0	0	1	0	0	0	0	1	0	17	17	14	3	1	0	1	1	0	0	0	1	1	1	0	10	8	3	5	0	1	0	0	0	0	4	0	1	0	4	39	38	28	10	0	0	3	3	0	0	4	0	3	3	4	1 (2)	1 (2)	1 (2)	0	0	0	0	0	0	0	0	0	0	0	0	
29	_354_@M01093:134:000000000-D893R:1:1101:18334:1770	productive	Homsap IGHV4-34*01 F, or Homsap IGHV4-34*02 F	104 (106)	81 (83)	81 (82)	0 (1)	0	0	0	0	0	0	0 (1)	0	0	0	0 (1)	26	11	11	0	0	0	0	0	0	0	0	0	0	0	0	12	8	8	0	0	0	0	0	0	0	0	0	0	0	0	17	17	17	0	0	0	0	0	0	0	0	0	0	0	0	10	7	7	0	0	0	0	0	0	0	0	0	0	0	0	39	38	38	0	0	0	0	0	0	0	0	0	0	0	0	0 (2)	0 (2)	0 (1)	0 (1)	0	0	0	0	0	0	0 (1)	0	0	0	0 (1)	
30	_363_@M01093:134:000000000-D893R:1:1101:19415:1803	productive	Homsap IGHV1-3*01 F, or Homsap IGHV1-3*05 F	106	83	83	0	0	0	0	0	0	0	0	0	0	0	0	26	10	10	0	0	0	0	0	0	0	0	0	0	0	0	12	8	8	0	0	0	0	0	0	0	0	0	0	0	0	17	17	17	0	0	0	0	0	0	0	0	0	0	0	0	10	8	8	0	0	0	0	0	0	0	0	0	0	0	0	39	38	38	0	0	0	0	0	0	0	0	0	0	0	0	2	2	2	0	0	0	0	0	0	0	0	0	0	0	0	
31	_365_@M01093:134:000000000-D893R:1:1101:26441:1813	unproductive	Homsap IGHV1-2*02 F	105 (106)	82 (83)	78	4 (5)	0 (1)	2	0	1	0	0	1	0 (1)	2	1	1	26	10	9	1	0	0	0	1	0	0	0	0	0	1	0	12	8	7	1	0	1	0	0	0	0	0	0	1	0	0	17	17	16	1	0	1	0	0	0	0	0	0	1	0	0	10	8	7	1	0	0	0	0	0	0	1	0	0	0	1	39	38	38	0	0	0	0	0	0	0	0	0	0	0	0	1 (2)	1 (2)	1	0 (1)	0 (1)	0	0	0	0	0	0	0 (1)	0	0	0	
32	_368_@M01093:134:000000000-D893R:1:1101:20993:1825	productive	Homsap IGHV3-23*03 F	105 (106)	83 (84)	61 (62)	22	3	2	4	4	1	0	8	3	6	5	8	26	11	8	3	2	0	0	0	0	0	1	2	0	0	1	12	8	7	1	0	0	0	0	1	0	0	0	0	1	0	17	17	14	3	1	0	1	1	0	0	0	1	1	1	0	10	8	3	5	0	2	0	0	0	0	3	0	2	0	3	39	38	28	10	0	0	3	3	0	0	4	0	3	3	4	1 (2)	1 (2)	1 (2)	0	0	0	0	0	0	0	0	0	0	0	0	
33	_369_@M01093:134:000000000-D893R:1:1101:23139:1838	productive	Homsap IGHV3-23*03 F	105 (106)	82 (83)	56 (57)	26	1	1	5	6	3	0	10	1	6	9	10	26	10	8	2	0	0	0	0	1	0	1	0	0	1	1	12	8	7	1	0	0	0	0	1	0	0	0	0	1	0	17	17	9	8	1	0	2	3	1	0	1	1	2	4	1	10	8	3	5	0	1	0	0	0	0	4	0	1	0	4	39	38	28	10	0	0	3	3	0	0	4	0	3	3	4	1 (2)	1 (2)	1 (2)	0	0	0	0	0	0	0	0	0	0	0	0	
34	_384_@M01093:134:000000000-D893R:1:1101:18734:1889	productive	Homsap IGHV3-23*03 F	105 (106)	83 (84)	61 (62)	22	3	1	3	5	1	0	9	3	4	6	9	26	11	8	3	2	0	0	0	0	0	1	2	0	0	1	12	8	7	1	0	0	0	0	1	0	0	0	0	1	0	17	17	14	3	1	0	1	1	0	0	0	1	1	1	0	10	8	3	5	0	1	0	0	0	0	4	0	1	0	4	39	38	28	10	0	0	2	4	0	0	4	0	2	4	4	1 (2)	1 (2)	1 (2)	0	0	0	0	0	0	0	0	0	0	0	0	
35	_385_@M01093:134:000000000-D893R:1:1101:10641:1889	productive	Homsap IGHV3-23*03 F	105 (106)	83 (84)	60 (61)	23	3	1	5	4	1	0	9	3	6	5	9	26	11	8	3	2	0	0	0	0	0	1	2	0	0	1	12	8	7	1	0	0	0	0	1	0	0	0	0	1	0	17	17	13	4	1	0	2	1	0	0	0	1	2	1	0	10	8	3	5	0	1	0	0	0	0	4	0	1	0	4	39	38	28	10	0	0	3	3	0	0	4	0	3	3	4	1 (2)	1 (2)	1 (2)	0	0	0	0	0	0	0	0	0	0	0	0	
36	_397_@M01093:134:000000000-D893R:1:1101:15357:1939	productive	Homsap IGHV4-59*01 F	105 (106)	82 (83)	80	2 (3)	0	1	0	0	0	0	1 (2)	0	1	0	1 (2)	26	11	11	0	0	0	0	0	0	0	0	0	0	0	0	12	8	8	0	0	0	0	0	0	0	0	0	0	0	0	17	17	17	0	0	0	0	0	0	0	0	0	0	0	0	10	7	7	0	0	0	0	0	0	0	0	0	0	0	0	39	38	36	2	0	1	0	0	0	0	1	0	1	0	1	1 (2)	1 (2)	1	0 (1)	0	0	0	0	0	0	0 (1)	0	0	0	0 (1)	
37	_398_@M01093:134:000000000-D893R:1:1101:18468:1940	unproductive	Homsap IGHV1-18*01 F, or Homsap IGHV1-18*04 F	106	63	62	1	0	0	0	0	0	0	1	0	0	0	1	-	-	-	-	-	-	-	-	-	-	-	-				-	-	-	-	-	-	-	-	-	-	-	-				17	15	14	1	0	0	0	0	0	0	1	0	0	0	1	10	8	8	0	0	0	0	0	0	0	0	0	0	0	0	39	38	38	0	0	0	0	0	0	0	0	0	0	0	0	2	2	2	0	0	0	0	0	0	0	0	0	0	0	0	
38	_210_@M01093:134:000000000-D893R:1:1101:17106:1411	No results	
39	>223_@M01093:134:000000000-D893R:1:1101:5374:14448	productive	Homsap IGHV4-59*01 F	105 (106)	82 (83)	76	6 (7)	0	2	1	1	1	0	1 (2)	0	3	2	1 (2)	26	11	11	0	0	0	0	0	0	0	0	0	0	0	0	12	8	8	0	0	0	0	0	0	0	0	0	0	0	0	17	17	12	5	0	1	1	1	1	0	1	0	2	2	1	10	7	7	0	0	0	0	0	0	0	0	0	0	0	0	39	38	37	1	0	1	0	0	0	0	0	0	1	0	0	1 (2)	1 (2)	1	0 (1)	0	0	0	0	0	0	0 (1)	0	0	0	0 (1)	
40	_226_@M01093:134:000000000-D893R:1:1101:22650:1450	unproductive	Homsap IGHV3-23*03 F	105 (106)	83 (84)	61 (62)	22	2	1	4	5	1	0	9	2	5	6	9	26	11	8	3	1	0	0	1	0	0	1	1	0	1	1	12	8	7	1	0	0	0	0	1	0	0	0	0	1	0	17	17	14	3	1	0	1	1	0	0	0	1	1	1	0	10	8	3	5	0	1	0	0	0	0	4	0	1	0	4	39	38	28	10	0	0	3	3	0	0	4	0	3	3	4	1 (2)	1 (2)	1 (2)	0	0	0	0	0	0	0	0	0	0	0	0	
41	_227_@M01093:134:000000000-D893R:1:1101:19047:1451	productive	Homsap IGHV4-34*01 F, or Homsap IGHV4-34*02 F	106	83	77	6	0	2	2	0	0	0	2	0	4	0	2	26	11	6	5	0	1	2	0	0	0	2	0	3	0	2	12	8	8	0	0	0	0	0	0	0	0	0	0	0	0	17	17	17	0	0	0	0	0	0	0	0	0	0	0	0	10	7	7	0	0	0	0	0	0	0	0	0	0	0	0	39	38	37	1	0	1	0	0	0	0	0	0	1	0	0	2	2	2	0	0	0	0	0	0	0	0	0	0	0	0	
42	_232_@M01093:134:000000000-D893R:1:1101:19509:1454	productive	Homsap IGHV1-18*01 F, or Homsap IGHV1-18*04 F	106	63	62	1	0	0	0	1	0	0	0	0	0	1	0	-	-	-	-	-	-	-	-	-	-	-	-				-	-	-	-	-	-	-	-	-	-	-	-				17	15	15	0	0	0	0	0	0	0	0	0	0	0	0	10	8	8	0	0	0	0	0	0	0	0	0	0	0	0	39	38	37	1	0	0	0	1	0	0	0	0	0	1	0	2	2	2	0	0	0	0	0	0	0	0	0	0	0	0	
43	_244_@M01093:134:000000000-D893R:1:1101:20990:1486	productive	Homsap IGHV4-59*01 F	105 (106)	82 (83)	81	1 (2)	0	0	0	0	0	0	1 (2)	0	0	0	1 (2)	26	11	11	0	0	0	0	0	0	0	0	0	0	0	0	12	8	8	0	0	0	0	0	0	0	0	0	0	0	0	17	17	17	0	0	0	0	0	0	0	0	0	0	0	0	10	7	6	1	0	0	0	0	0	0	1	0	0	0	1	39	38	38	0	0	0	0	0	0	0	0	0	0	0	0	1 (2)	1 (2)	1	0 (1)	0	0	0	0	0	0	0 (1)	0	0	0	0 (1)	
44	>245_@M01093:134:000000000-D893R:1:1101:2744:14880	productive	Homsap IGHV3-23*03 F	105 (106)	83 (84)	59 (60)	24	3	1	5	5	2	0	8	3	6	7	8	26	11	8	3	2	0	0	0	0	0	1	2	0	0	1	12	8	7	1	0	0	0	0	1	0	0	0	0	1	0	17	17	11	6	1	0	2	2	1	0	0	1	2	3	0	10	8	4	4	0	1	0	0	0	0	3	0	1	0	3	39	38	28	10	0	0	3	3	0	0	4	0	3	3	4	1 (2)	1 (2)	1 (2)	0	0	0	0	0	0	0	0	0	0	0	0	
45	_248_@M01093:134:000000000-D893R:1:1101:23004:1498	productive	Homsap IGHV1-3*01 F, or Homsap IGHV1-3*05 F	106	83	83	0	0	0	0	0	0	0	0	0	0	0	0	26	10	10	0	0	0	0	0	0	0	0	0	0	0	0	12	8	8	0	0	0	0	0	0	0	0	0	0	0	0	17	17	17	0	0	0	0	0	0	0	0	0	0	0	0	10	8	8	0	0	0	0	0	0	0	0	0	0	0	0	39	38	38	0	0	0	0	0	0	0	0	0	0	0	0	2	2	2	0	0	0	0	0	0	0	0	0	0	0	0	
46	>300_@M01093:134:000000000-D893R:1:1101:4679:16337	productive	Homsap IGHV3-23*03 F	105 (106)	83 (84)	59 (60)	24	1	2	4	6	2	0	9	1	6	8	9	26	11	10	1	0	0	0	0	0	0	1	0	0	0	1	12	8	7	1	0	0	0	0	1	0	0	0	0	1	0	17	17	10	7	1	0	1	3	1	0	1	1	1	4	1	10	8	3	5	0	2	0	0	0	0	3	0	2	0	3	39	38	28	10	0	0	3	3	0	0	4	0	3	3	4	1 (2)	1 (2)	1 (2)	0	0	0	0	0	0	0	0	0	0	0	0	
47	_303_@M01093:134:000000000-D893R:1:1101:19273:1644	productive	Homsap IGHV3-23*03 F	105 (106)	83 (84)	61 (62)	22	3	1	4	4	2	0	8	3	5	6	8	26	11	8	3	2	0	0	0	0	0	1	2	0	0	1	12	8	7	1	0	0	0	0	1	0	0	0	0	1	0	17	17	14	3	1	0	1	1	0	0	0	1	1	1	0	10	8	3	5	0	1	0	0	1	0	3	0	1	1	3	39	38	28	10	0	0	3	3	0	0	4	0	3	3	4	1 (2)	1 (2)	1 (2)	0	0	0	0	0	0	0	0	0	0	0	0	
48	_320_@M01093:134:000000000-D893R:1:1101:20178:1680	productive	Homsap IGHV3-66*01 F, or Homsap IGHV3-66*04 F	106	83	83	0	0	0	0	0	0	0	0	0	0	0	0	26	11	11	0	0	0	0	0	0	0	0	0	0	0	0	12	8	8	0	0	0	0	0	0	0	0	0	0	0	0	17	17	17	0	0	0	0	0	0	0	0	0	0	0	0	10	7	7	0	0	0	0	0	0	0	0	0	0	0	0	39	38	38	0	0	0	0	0	0	0	0	0	0	0	0	2	2	2	0	0	0	0	0	0	0	0	0	0	0	0	
49	_325_@M01093:134:000000000-D893R:1:1101:26904:1693	unproductive	Homsap IGHV1-2*02 F	106	83	78	5	0	1	0	2	0	0	2	0	1	2	2	26	10	8	2	0	0	0	2	0	0	0	0	0	2	0	12	8	8	0	0	0	0	0	0	0	0	0	0	0	0	17	17	15	2	0	1	0	0	0	0	1	0	1	0	1	10	8	7	1	0	0	0	0	0	0	1	0	0	0	1	39	38	38	0	0	0	0	0	0	0	0	0	0	0	0	2	2	2	0	0	0	0	0	0	0	0	0	0	0	0	
50	_330_@M01093:134:000000000-D893R:1:1101:18853:1702	unproductive	Homsap IGHV3-23*03 F	104 (106)	82 (84)	79 (80)	3 (4)	2	0	0	0	0	0	1 (2)	2	0	0	1 (2)	26	11	8	3	2	0	0	0	0	0	1	2	0	0	1	12	8	8	0	0	0	0	0	0	0	0	0	0	0	0	17	17	17	0	0	0	0	0	0	0	0	0	0	0	0	10	8	8	0	0	0	0	0	0	0	0	0	0	0	0	39	38	38	0	0	0	0	0	0	0	0	0	0	0	0	0 (2)	0 (2)	0 (1)	0 (1)	0	0	0	0	0	0	0 (1)	0	0	0	0 (1)	
51	_331_@M01093:134:000000000-D893R:1:1101:19297:1706	unproductive	Homsap IGHV3-21*01 F, or Homsap IGHV3-21*02 F	103 (106)	81 (84)	75	6 (9)	2	0	0	0	1 (2)	0	3 (5)	2	0	0+1 (2)+0	3 (5)	26	11	8	3	2	0	0	0	0	0	1	2	0	0	1	12	8	7	1	0	0	0	0	0	0	1	0	0	0	1	17	17	17	0	0	0	0	0	0	0	0	0	0	0	0	10	8	8	0	0	0	0	0	0	0	0	0	0	0	0	38 (39)	37 (38)	35	2 (3)	0	0	0	0	1 (2)	0	1	0	0	0+1 (2)+0	1	0 (2)	0 (2)	0	0 (2)	0	0	0	0	0 (0)	0	0 (2)	0	0	0+0 (0)+0	0 (2)	
52	_335_@M01093:134:000000000-D893R:1:1101:21323:1712	productive	Homsap IGHV3-23*03 F	105 (106)	83 (84)	62 (63)	21	3	1	4	4	1	0	8	3	5	5	8	26	11	8	3	2	0	0	0	0	0	1	2	0	0	1	12	8	7	1	0	0	0	0	1	0	0	0	0	1	0	17	17	14	3	1	0	1	1	0	0	0	1	1	1	0	10	8	4	4	0	1	0	0	0	0	3	0	1	0	3	39	38	28	10	0	0	3	3	0	0	4	0	3	3	4	1 (2)	1 (2)	1 (2)	0	0	0	0	0	0	0	0	0	0	0	0	
53	_340_@M01093:134:000000000-D893R:1:1101:25760:1721	productive	Homsap IGHV3-23*03 F	105 (106)	83 (84)	55 (56)	28	1	3	4	6	3	0	11	1	7	9	11	26	11	9	2	0	0	0	1	0	0	1	0	0	1	1	12	8	7	1	0	0	0	0	1	0	0	0	0	1	0	17	17	8	9	1	2	1	2	2	0	1	1	3	4	1	10	8	3	5	0	1	0	0	0	0	4	0	1	0	4	39	38	27	11	0	0	3	3	0	0	5	0	3	3	5	1 (2)	1 (2)	1 (2)	0	0	0	0	0	0	0	0	0	0	0	0	
54	_349_@M01093:134:000000000-D893R:1:1101:28228:1762	productive	Homsap IGHV3-23*03 F	105 (106)	83 (84)	64 (65)	19	1	1	4	4	1	0	8	1	5	5	8	26	11	11	0	0	0	0	0	0	0	0	0	0	0	0	12	8	7	1	0	0	0	0	1	0	0	0	0	1	0	17	17	14	3	1	0	1	1	0	0	0	1	1	1	0	10	8	3	5	0	1	0	0	0	0	4	0	1	0	4	39	38	28	10	0	0	3	3	0	0	4	0	3	3	4	1 (2)	1 (2)	1 (2)	0	0	0	0	0	0	0	0	0	0	0	0	
55	_460_@M01093:134:000000000-D893R:1:1101:19653:2243	productive	Homsap IGHV3-23*03 F	105 (106)	83 (84)	60 (61)	23	3	1	4	4	1	0	10	3	5	5	10	26	11	8	3	2	0	0	0	0	0	1	2	0	0	1	12	8	7	1	0	0	0	0	1	0	0	0	0	1	0	17	17	14	3	1	0	1	1	0	0	0	1	1	1	0	10	8	4	4	0	1	0	0	0	0	3	0	1	0	3	39	38	26	12	0	0	3	3	0	0	6	0	3	3	6	1 (2)	1 (2)	1 (2)	0	0	0	0	0	0	0	0	0	0	0	0	
56	_462_@M01093:134:000000000-D893R:1:1101:18612:2254	productive	Homsap IGHV1-18*01 F	106	83	81	2	0	1	0	1	0	0	0	0	1	1	0	26	10	9	1	0	0	0	1	0	0	0	0	0	1	0	12	8	7	1	0	1	0	0	0	0	0	0	1	0	0	17	17	17	0	0	0	0	0	0	0	0	0	0	0	0	10	8	8	0	0	0	0	0	0	0	0	0	0	0	0	39	38	38	0	0	0	0	0	0	0	0	0	0	0	0	2	2	2	0	0	0	0	0	0	0	0	0	0	0	0	
57	_464_@M01093:134:000000000-D893R:1:1101:25106:2266	productive	Homsap IGHV3-66*01 F, or Homsap IGHV3-66*04 F	106	83	78	5	0	2	1	0	1	0	1	0	3	1	1	26	11	11	0	0	0	0	0	0	0	0	0	0	0	0	12	8	7	1	0	0	0	0	0	0	1	0	0	0	1	17	17	13	4	0	2	1	0	1	0	0	0	3	1	0	10	7	7	0	0	0	0	0	0	0	0	0	0	0	0	39	38	38	0	0	0	0	0	0	0	0	0	0	0	0	2	2	2	0	0	0	0	0	0	0	0	0	0	0	0	
58	_466_@M01093:134:000000000-D893R:1:1101:24210:2302	productive	Homsap IGHV3-23*03 F	105 (106)	83 (84)	55 (56)	28	1	4	4	6	3	0	10	1	8	9	10	26	11	9	2	0	1	0	0	0	0	1	0	1	0	1	12	8	7	1	0	0	0	0	1	0	0	0	0	1	0	17	17	7	10	1	2	1	3	2	0	1	1	3	5	1	10	8	3	5	0	1	0	0	0	0	4	0	1	0	4	39	38	28	10	0	0	3	3	0	0	4	0	3	3	4	1 (2)	1 (2)	1 (2)	0	0	0	0	0	0	0	0	0	0	0	0	
59	_468_@M01093:134:000000000-D893R:1:1101:24136:2304	productive	Homsap IGHV4-34*01 F, or Homsap IGHV4-34*02 F	106	83	77	6	0	1	1	1	1	0	2	0	2	2	2	26	11	11	0	0	0	0	0	0	0	0	0	0	0	0	12	8	8	0	0	0	0	0	0	0	0	0	0	0	0	17	17	13	4	0	1	1	1	0	0	1	0	2	1	1	10	7	7	0	0	0	0	0	0	0	0	0	0	0	0	39	38	36	2	0	0	0	0	1	0	1	0	0	1	1	2	2	2	0	0	0	0	0	0	0	0	0	0	0	0	
60	_470_@M01093:134:000000000-D893R:1:1101:22811:2317	productive	Homsap IGHV3-23*03 F	105 (106)	83 (84)	59 (60)	24	1	1	4	5	2	1	10	1	5	8	10	26	11	8	3	0	0	0	0	0	1	2	0	0	1	2	12	8	7	1	0	0	0	0	1	0	0	0	0	1	0	17	17	11	6	1	0	1	2	1	0	1	1	1	3	1	10	8	4	4	0	1	0	0	0	0	3	0	1	0	3	39	38	28	10	0	0	3	3	0	0	4	0	3	3	4	1 (2)	1 (2)	1 (2)	0	0	0	0	0	0	0	0	0	0	0	0	
61	_476_@M01093:134:000000000-D893R:1:1101:22802:2343	productive	Homsap IGHV1-69*02 F, or Homsap IGHV1-69*04 F or Homsap IGHV1-69*09 F	106	63	59	4	0	0	0	1	3	0	0	0	0	4	0	-	-	-	-	-	-	-	-	-	-	-	-				-	-	-	-	-	-	-	-	-	-	-	-				17	15	12	3	0	0	0	1	2	0	0	0	0	3	0	10	8	8	0	0	0	0	0	0	0	0	0	0	0	0	39	38	37	1	0	0	0	0	1	0	0	0	0	1	0	2	2	2	0	0	0	0	0	0	0	0	0	0	0	0	
62	_478_@M01093:134:000000000-D893R:1:1101:20242:2351	productive	Homsap IGHV4-59*01 F	105 (106)	82 (83)	75	7 (8)	1	1	1	1	1	0	2 (3)	1	2	2	2 (3)	26	11	11	0	0	0	0	0	0	0	0	0	0	0	0	12	8	8	0	0	0	0	0	0	0	0	0	0	0	0	17	17	11	6	1	1	1	1	1	0	1	1	2	2	1	10	7	7	0	0	0	0	0	0	0	0	0	0	0	0	39	38	37	1	0	0	0	0	0	0	1	0	0	0	1	1 (2)	1 (2)	1	0 (1)	0	0	0	0	0	0	0 (1)	0	0	0	0 (1)	
63	_481_@M01093:134:000000000-D893R:1:1101:24927:2378	unproductive	Homsap IGHV3-66*01 F, or Homsap IGHV3-66*04 F	106	83	80	3	0	1	1	1	0	0	0	0	2	1	0	26	11	11	0	0	0	0	0	0	0	0	0	0	0	0	12	8	7	1	0	0	0	1	0	0	0	0	0	1	0	17	17	15	2	0	1	1	0	0	0	0	0	2	0	0	10	7	7	0	0	0	0	0	0	0	0	0	0	0	0	39	38	38	0	0	0	0	0	0	0	0	0	0	0	0	2	2	2	0	0	0	0	0	0	0	0	0	0	0	0	
64	_507_@M01093:134:000000000-D893R:1:1101:20661:2516	unproductive	Homsap IGHV1-18*01 F	106	83	76	7	0	1	0	4	0	0	2	0	1	4	2	26	10	8	2	0	0	0	2	0	0	0	0	0	2	0	12	8	7	1	0	1	0	0	0	0	0	0	1	0	0	17	17	13	4	0	0	0	2	0	0	2	0	0	2	2	10	8	8	0	0	0	0	0	0	0	0	0	0	0	0	39	38	38	0	0	0	0	0	0	0	0	0	0	0	0	2	2	2	0	0	0	0	0	0	0	0	0	0	0	0	
65	_513_@M01093:134:000000000-D893R:1:1101:19166:2543	productive	Homsap IGHV4-59*01 F	105 (106)	82 (83)	76	6 (7)	0	2	1	0	1	0	2 (3)	0	3	1	2 (3)	26	11	11	0	0	0	0	0	0	0	0	0	0	0	0	12	8	8	0	0	0	0	0	0	0	0	0	0	0	0	17	17	12	5	0	2	1	0	1	0	1	0	3	1	1	10	7	6	1	0	0	0	0	0	0	1	0	0	0	1	39	38	38	0	0	0	0	0	0	0	0	0	0	0	0	1 (2)	1 (2)	1	0 (1)	0	0	0	0	0	0	0 (1)	0	0	0	0 (1)	
66	_532_@M01093:134:000000000-D893R:1:1101:17104:2788	productive	Homsap IGHV4-34*01 F, or Homsap IGHV4-34*02 F	106	83	75	8	0	3	1	0	1	0	3	0	4	1	3	26	11	11	0	0	0	0	0	0	0	0	0	0	0	0	12	8	8	0	0	0	0	0	0	0	0	0	0	0	0	17	17	12	5	0	2	1	0	1	0	1	0	3	1	1	10	7	6	1	0	0	0	0	0	0	1	0	0	0	1	39	38	36	2	0	1	0	0	0	0	1	0	1	0	1	2	2	2	0	0	0	0	0	0	0	0	0	0	0	0	
67	_400_@M01093:134:000000000-D893R:1:1101:15929:1943	No results	
68	_403_@M01093:134:000000000-D893R:1:1101:15718:1954	productive	Homsap IGHV1-18*01 F	106	83	83	0	0	0	0	0	0	0	0	0	0	0	0	26	10	10	0	0	0	0	0	0	0	0	0	0	0	0	12	8	8	0	0	0	0	0	0	0	0	0	0	0	0	17	17	17	0	0	0	0	0	0	0	0	0	0	0	0	10	8	8	0	0	0	0	0	0	0	0	0	0	0	0	39	38	38	0	0	0	0	0	0	0	0	0	0	0	0	2	2	2	0	0	0	0	0	0	0	0	0	0	0	0	
69	_404_@M01093:134:000000000-D893R:1:1101:19445:1955	productive	Homsap IGHV3-23*03 F	105 (106)	83 (84)	65 (66)	18	1	1	4	4	1	0	7	1	5	5	7	26	11	11	0	0	0	0	0	0	0	0	0	0	0	0	12	8	7	1	0	0	0	0	1	0	0	0	0	1	0	17	17	14	3	1	0	1	1	0	0	0	1	1	1	0	10	8	4	4	0	1	0	0	0	0	3	0	1	0	3	39	38	28	10	0	0	3	3	0	0	4	0	3	3	4	1 (2)	1 (2)	1 (2)	0	0	0	0	0	0	0	0	0	0	0	0	
70	_409_@M01093:134:000000000-D893R:1:1101:14862:1968	productive	Homsap IGHV3-66*01 F, or Homsap IGHV3-66*04 F	106	83	79	4	0	0	0	1	0	0	3	0	0	1	3	26	11	10	1	0	0	0	0	0	0	1	0	0	0	1	12	8	8	0	0	0	0	0	0	0	0	0	0	0	0	17	17	15	2	0	0	0	1	0	0	1	0	0	1	1	10	7	7	0	0	0	0	0	0	0	0	0	0	0	0	39	38	37	1	0	0	0	0	0	0	1	0	0	0	1	2	2	2	0	0	0	0	0	0	0	0	0	0	0	0	
71	_418_@M01093:134:000000000-D893R:1:1101:20442:2007	productive	Homsap IGHV4-59*01 F	105 (106)	82 (83)	81	1 (2)	0	0	0	0	0	0	1 (2)	0	0	0	1 (2)	26	11	11	0	0	0	0	0	0	0	0	0	0	0	0	12	8	8	0	0	0	0	0	0	0	0	0	0	0	0	17	17	16	1	0	0	0	0	0	0	1	0	0	0	1	10	7	7	0	0	0	0	0	0	0	0	0	0	0	0	39	38	38	0	0	0	0	0	0	0	0	0	0	0	0	1 (2)	1 (2)	1	0 (1)	0	0	0	0	0	0	0 (1)	0	0	0	0 (1)	
72	_423_@M01093:134:000000000-D893R:1:1101:19061:2033	unproductive	Homsap IGHV4-4*01 F, or Homsap IGHV4-4*02 F	105 (106)	83 (84)	79 (80)	4	0	0	0	1	0	0	3	0	0	1	3	26	11	9	2	0	0	0	1	0	0	1	0	0	1	1	12	9	9	0	0	0	0	0	0	0	0	0	0	0	0	17	17	17	0	0	0	0	0	0	0	0	0	0	0	0	10	7	6	1	0	0	0	0	0	0	1	0	0	0	1	39	38	37	1	0	0	0	0	0	0	1	0	0	0	1	1 (2)	1 (2)	1 (2)	0	0	0	0	0	0	0	0	0	0	0	0	
73	_433_@M01093:134:000000000-D893R:1:1101:25771:2109	productive	Homsap IGHV4-34*01 F, or Homsap IGHV4-34*02 F or Homsap IGHV4-34*08 F	106	83	77	6	0	2	1	1	1	0	1	0	3	2	1	26	11	11	0	0	0	0	0	0	0	0	0	0	0	0	12	8	7	1	0	0	0	1	0	0	0	0	0	1	0	17	17	13	4	0	2	1	0	1	0	0	0	3	1	0	10	7	6	1	0	0	0	0	0	0	1	0	0	0	1	39	38	38	0	0	0	0	0	0	0	0	0	0	0	0	2	2	2	0	0	0	0	0	0	0	0	0	0	0	0	
74	_437_@M01093:134:000000000-D893R:1:1101:23849:2131	productive	Homsap IGHV3-23*03 F	105 (106)	83 (84)	64 (65)	19	1	1	4	4	1	0	8	1	5	5	8	26	11	11	0	0	0	0	0	0	0	0	0	0	0	0	12	8	7	1	0	0	0	0	1	0	0	0	0	1	0	17	17	14	3	1	0	1	1	0	0	0	1	1	1	0	10	8	3	5	0	1	0	0	0	0	4	0	1	0	4	39	38	28	10	0	0	3	3	0	0	4	0	3	3	4	1 (2)	1 (2)	1 (2)	0	0	0	0	0	0	0	0	0	0	0	0	
75	>573_@M01093:134:000000000-D893R:1:1102:25350:5331	No results	
76	>576_@M01093:134:000000000-D893R:1:1102:21988:5520	No results	
77	>581_@M01093:134:000000000-D893R:1:1102:25498:5828	productive	Homsap IGHV4-34*01 F, or Homsap IGHV4-34*02 F	106	83	82	1	0	0	0	1	0	0	0	0	0	1	0	26	11	11	0	0	0	0	0	0	0	0	0	0	0	0	12	8	8	0	0	0	0	0	0	0	0	0	0	0	0	17	17	16	1	0	0	0	1	0	0	0	0	0	1	0	10	7	7	0	0	0	0	0	0	0	0	0	0	0	0	39	38	38	0	0	0	0	0	0	0	0	0	0	0	0	2	2	2	0	0	0	0	0	0	0	0	0	0	0	0	
78	>582_@M01093:134:000000000-D893R:1:1102:19997:5838	productive	Homsap IGHV3-23*03 F	105 (106)	83 (84)	62 (63)	21	1	1	4	3	1	0	11	1	5	4	11	26	11	9	2	0	0	0	0	0	0	2	0	0	0	2	12	8	7	1	0	0	0	0	1	0	0	0	0	1	0	17	17	14	3	1	0	1	1	0	0	0	1	1	1	0	10	8	3	5	0	1	0	0	0	0	4	0	1	0	4	39	38	28	10	0	0	3	2	0	0	5	0	3	2	5	1 (2)	1 (2)	1 (2)	0	0	0	0	0	0	0	0	0	0	0	0	
79	>653_@M01093:134:000000000-D893R:1:1102:27193:9604	productive	Homsap IGHV4-34*01 F, or Homsap IGHV4-34*02 F	106	82	79	3	0	0	0	1	1	0	1	0	0	2	1	26	11	10	1	0	0	0	0	1	0	0	0	0	1	0	12	7	7	0	0	0	0	0	0	0	0	0	0	0	0	17	17	15	2	0	0	0	1	0	0	1	0	0	1	1	10	7	7	0	0	0	0	0	0	0	0	0	0	0	0	39	38	38	0	0	0	0	0	0	0	0	0	0	0	0	2	2	2	0	0	0	0	0	0	0	0	0	0	0	0	
80	_678_@M01093:134:000000000-D893R:1:1102:22854:1009	productive	Homsap IGHV3-23*03 F	105 (106)	83 (84)	59 (60)	24	1	1	4	7	1	0	10	1	5	8	10	26	11	9	2	0	0	0	1	0	0	1	0	0	1	1	12	8	7	1	0	0	0	0	1	0	0	0	0	1	0	17	17	11	6	1	0	1	3	0	0	1	1	1	3	1	10	8	3	5	0	1	0	0	0	0	4	0	1	0	4	39	38	28	10	0	0	3	3	0	0	4	0	3	3	4	1 (2)	1 (2)	1 (2)	0	0	0	0	0	0	0	0	0	0	0	0	
81	_679_@M01093:134:000000000-D893R:1:1102:18334:1011	productive	Homsap IGHV3-23*03 F	105 (106)	83 (84)	62 (63)	21	1	1	5	6	1	0	7	1	6	7	7	26	11	10	1	0	0	0	0	0	0	1	0	0	0	1	12	8	7	1	0	0	0	0	1	0	0	0	0	1	0	17	17	12	5	1	0	2	2	0	0	0	1	2	2	0	10	8	4	4	0	1	0	0	0	0	3	0	1	0	3	39	38	28	10	0	0	3	4	0	0	3	0	3	4	3	1 (2)	1 (2)	1 (2)	0	0	0	0	0	0	0	0	0	0	0	0	
82	_681_@M01093:134:000000000-D893R:1:1102:25358:1018	unproductive	Homsap IGHV4-4*01 F, or Homsap IGHV4-4*02 F	105 (106)	83 (84)	81 (82)	2	0	0	0	1	0	0	1	0	0	1	1	26	11	9	2	0	0	0	1	0	0	1	0	0	1	1	12	9	9	0	0	0	0	0	0	0	0	0	0	0	0	17	17	17	0	0	0	0	0	0	0	0	0	0	0	0	10	7	7	0	0	0	0	0	0	0	0	0	0	0	0	39	38	38	0	0	0	0	0	0	0	0	0	0	0	0	1 (2)	1 (2)	1 (2)	0	0	0	0	0	0	0	0	0	0	0	0	
83	_685_@M01093:134:000000000-D893R:1:1102:25148:1022	productive	Homsap IGHV1-3*01 F, or Homsap IGHV1-3*05 F	106	63	63	0	0	0	0	0	0	0	0	0	0	0	0	-	-	-	-	-	-	-	-	-	-	-	-				-	-	-	-	-	-	-	-	-	-	-	-				17	15	15	0	0	0	0	0	0	0	0	0	0	0	0	10	8	8	0	0	0	0	0	0	0	0	0	0	0	0	39	38	38	0	0	0	0	0	0	0	0	0	0	0	0	2	2	2	0	0	0	0	0	0	0	0	0	0	0	0	
84	_695_@M01093:134:000000000-D893R:1:1102:26904:1043	productive	Homsap IGHV4-34*03 F	103	80	78	2	0	0	1	1	0	0	0	0	1	1	0	26	11	10	1	0	0	1	0	0	0	0	0	1	0	0	12	8	8	0	0	0	0	0	0	0	0	0	0	0	0	17	17	16	1	0	0	0	1	0	0	0	0	0	1	0	10	7	7	0	0	0	0	0	0	0	0	0	0	0	0	38	37	37	0	0	0	0	0	0	0	0	0	0	0	0	0	0	0	0	0	0	0	0	0	0	0	0	0	0	0	
85	>605_@M01093:134:000000000-D893R:1:1102:15861:7347	productive	Homsap IGHV3-23*03 F	105 (106)	83 (84)	61 (62)	22	3	1	4	4	1	0	9	3	5	5	9	26	11	7	4	2	0	0	0	0	0	2	2	0	0	2	12	8	7	1	0	0	0	0	1	0	0	0	0	1	0	17	17	14	3	1	0	1	1	0	0	0	1	1	1	0	10	8	4	4	0	1	0	0	0	0	3	0	1	0	3	39	38	28	10	0	0	3	3	0	0	4	0	3	3	4	1 (2)	1 (2)	1 (2)	0	0	0	0	0	0	0	0	0	0	0	0	
86	>619_@M01093:134:000000000-D893R:1:1102:21800:7894	No results	
87	>626_@M01093:134:000000000-D893R:1:1102:16805:8144	productive	Homsap IGHV3-23*03 F	105 (106)	83 (84)	61 (62)	22	3	1	4	4	1	0	9	3	5	5	9	26	11	8	3	2	0	0	0	0	0	1	2	0	0	1	12	8	7	1	0	0	0	0	1	0	0	0	0	1	0	17	17	14	3	1	0	1	1	0	0	0	1	1	1	0	10	8	3	5	0	1	0	0	0	0	4	0	1	0	4	39	38	28	10	0	0	3	3	0	0	4	0	3	3	4	1 (2)	1 (2)	1 (2)	0	0	0	0	0	0	0	0	0	0	0	0	
88	_709_@M01093:134:000000000-D893R:1:1102:25597:1104	productive	Homsap IGHV4-34*01 F, or Homsap IGHV4-34*02 F	104 (106)	81 (83)	77 (78)	4 (5)	0	0	1	2	0	0	1 (2)	0	1	2	1 (2)	26	11	11	0	0	0	0	0	0	0	0	0	0	0	0	12	8	8	0	0	0	0	0	0	0	0	0	0	0	0	17	17	13	4	0	0	1	2	0	0	1	0	1	2	1	10	7	7	0	0	0	0	0	0	0	0	0	0	0	0	39	38	38	0	0	0	0	0	0	0	0	0	0	0	0	0 (2)	0 (2)	0 (1)	0 (1)	0	0	0	0	0	0	0 (1)	0	0	0	0 (1)	
89	>717_@M01093:134:000000000-D893R:1:1102:6770:11250	productive	Homsap IGHV4-59*01 F	105 (106)	82 (83)	82	0 (1)	0	0	0	0	0	0	0 (1)	0	0	0	0 (1)	26	11	11	0	0	0	0	0	0	0	0	0	0	0	0	12	8	8	0	0	0	0	0	0	0	0	0	0	0	0	17	17	17	0	0	0	0	0	0	0	0	0	0	0	0	10	7	7	0	0	0	0	0	0	0	0	0	0	0	0	39	38	38	0	0	0	0	0	0	0	0	0	0	0	0	1 (2)	1 (2)	1	0 (1)	0	0	0	0	0	0	0 (1)	0	0	0	0 (1)	
90	_720_@M01093:134:000000000-D893R:1:1102:16829:1139	productive	Homsap IGHV4-59*01 F	105 (106)	82 (83)	78	4 (5)	0	0	1	2	0	0	1 (2)	0	1	2	1 (2)	26	11	11	0	0	0	0	0	0	0	0	0	0	0	0	12	8	8	0	0	0	0	0	0	0	0	0	0	0	0	17	17	13	4	0	0	1	2	0	0	1	0	1	2	1	10	7	7	0	0	0	0	0	0	0	0	0	0	0	0	39	38	38	0	0	0	0	0	0	0	0	0	0	0	0	1 (2)	1 (2)	1	0 (1)	0	0	0	0	0	0	0 (1)	0	0	0	0 (1)	
91	_741_@M01093:134:000000000-D893R:1:1102:25377:1209	unproductive	Homsap IGHV1-2*02 F	106	83	79	4	0	1	0	1	0	0	2	0	1	1	2	26	10	9	1	0	0	0	1	0	0	0	0	0	1	0	12	8	8	0	0	0	0	0	0	0	0	0	0	0	0	17	17	15	2	0	1	0	0	0	0	1	0	1	0	1	10	8	7	1	0	0	0	0	0	0	1	0	0	0	1	39	38	38	0	0	0	0	0	0	0	0	0	0	0	0	2	2	2	0	0	0	0	0	0	0	0	0	0	0	0	
92	_746_@M01093:134:000000000-D893R:1:1102:19314:1244	unproductive	Homsap IGHV4-4*01 F, or Homsap IGHV4-4*02 F	105 (106)	83 (84)	77 (78)	6	1	0	1	2	0	0	2	1	1	2	2	26	11	9	2	0	0	0	1	0	0	1	0	0	1	1	12	9	9	0	0	0	0	0	0	0	0	0	0	0	0	17	17	16	1	0	0	0	0	0	0	1	0	0	0	1	10	7	7	0	0	0	0	0	0	0	0	0	0	0	0	39	38	35	3	1	0	1	1	0	0	0	1	1	1	0	1 (2)	1 (2)	1 (2)	0	0	0	0	0	0	0	0	0	0	0	0	
93	_747_@M01093:134:000000000-D893R:1:1102:25225:1244	productive	Homsap IGHV4-34*01 F, or Homsap IGHV4-34*02 F	104 (106)	81 (83)	77 (78)	4 (5)	0	0	0	2	0	0	2 (3)	0	0	2	2 (3)	26	11	11	0	0	0	0	0	0	0	0	0	0	0	0	12	8	8	0	0	0	0	0	0	0	0	0	0	0	0	17	17	13	4	0	0	0	2	0	0	2	0	0	2	2	10	7	7	0	0	0	0	0	0	0	0	0	0	0	0	39	38	38	0	0	0	0	0	0	0	0	0	0	0	0	0 (2)	0 (2)	0 (1)	0 (1)	0	0	0	0	0	0	0 (1)	0	0	0	0 (1)	
94	_759_@M01093:134:000000000-D893R:1:1102:23537:1300	productive	Homsap IGHV3-23*03 F	105 (106)	83 (84)	59 (60)	24	1	1	4	5	2	0	11	1	5	7	11	26	11	9	2	0	0	0	0	1	0	1	0	0	1	1	12	8	7	1	0	0	0	0	1	0	0	0	0	1	0	17	17	12	5	1	0	1	2	0	0	1	1	1	2	1	10	8	3	5	0	1	0	0	0	0	4	0	1	0	4	39	38	27	11	0	0	3	3	0	0	5	0	3	3	5	1 (2)	1 (2)	1 (2)	0	0	0	0	0	0	0	0	0	0	0	0	
95	_773_@M01093:134:000000000-D893R:1:1102:23639:1333	unproductive	Homsap IGHV4-4*01 F	105 (106)	83 (84)	79 (80)	4	0	0	2	1	0	0	1	0	2	1	1	26	11	8	3	0	0	2	0	0	0	1	0	2	0	1	12	9	9	0	0	0	0	0	0	0	0	0	0	0	0	17	17	16	1	0	0	0	1	0	0	0	0	0	1	0	10	7	7	0	0	0	0	0	0	0	0	0	0	0	0	39	38	38	0	0	0	0	0	0	0	0	0	0	0	0	1 (2)	1 (2)	1 (2)	0	0	0	0	0	0	0	0	0	0	0	0	
96	_776_@M01093:134:000000000-D893R:1:1102:15555:1340	productive	Homsap IGHV3-23*03 F	105 (106)	83 (84)	59 (60)	24	2	1	5	5	2	0	9	2	6	7	9	26	11	9	2	0	0	0	0	1	0	1	0	0	1	1	12	8	7	1	0	0	0	0	1	0	0	0	0	1	0	17	17	11	6	1	0	2	3	0	0	0	1	2	3	0	10	8	3	5	0	1	0	0	0	0	4	0	1	0	4	39	38	28	10	1	0	3	2	0	0	4	1	3	2	4	1 (2)	1 (2)	1 (2)	0	0	0	0	0	0	0	0	0	0	0	0	
97	_786_@M01093:134:000000000-D893R:1:1102:27562:1397	productive	Homsap IGHV4-34*01 F, or Homsap IGHV4-34*02 F	106	83	78	5	0	0	1	2	1	0	1	0	1	3	1	26	11	10	1	0	0	0	0	1	0	0	0	0	1	0	12	8	8	0	0	0	0	0	0	0	0	0	0	0	0	17	17	13	4	0	0	1	2	0	0	1	0	1	2	1	10	7	7	0	0	0	0	0	0	0	0	0	0	0	0	39	38	38	0	0	0	0	0	0	0	0	0	0	0	0	2	2	2	0	0	0	0	0	0	0	0	0	0	0	0	
98	_795_@M01093:134:000000000-D893R:1:1102:23289:1426	No results	
99	_1117_@M01093:134:000000000-D893R:1:1102:15153:268	unproductive	Homsap IGHV1-2*02 F	106	83	79	4	0	1	1	1	0	0	1	0	2	1	1	26	10	9	1	0	0	0	1	0	0	0	0	0	1	0	12	8	8	0	0	0	0	0	0	0	0	0	0	0	0	17	17	16	1	0	1	0	0	0	0	0	0	1	0	0	10	8	7	1	0	0	0	0	0	0	1	0	0	0	1	39	38	37	1	0	0	1	0	0	0	0	0	1	0	0	2	2	2	0	0	0	0	0	0	0	0	0	0	0	0	
100	_1123_@M01093:134:000000000-D893R:1:1102:17270:272	No results	
101	_1126_@M01093:134:000000000-D893R:1:1102:17518:279	productive	Homsap IGHV3-30*04 F, or Homsap IGHV3-30-3*03 F	106	84	76	8	0	0	1	3	0	0	4	0	1	3	4	26	11	9	2	0	0	0	1	0	0	1	0	0	1	1	12	8	8	0	0	0	0	0	0	0	0	0	0	0	0	17	17	13	4	0	0	0	2	0	0	2	0	0	2	2	10	8	8	0	0	0	0	0	0	0	0	0	0	0	0	39	38	36	2	0	0	1	0	0	0	1	0	1	0	1	2	2	2	0	0	0	0	0	0	0	0	0	0	0	0	
102	_1128_@M01093:134:000000000-D893R:1:1102:17311:279	unproductive	Homsap IGHV4-4*01 F	105 (106)	83 (84)	74 (75)	9	0	1	3	1	0	0	4	0	4	1	4	26	11	6	5	0	0	3	1	0	0	1	0	3	1	1	12	9	9	0	0	0	0	0	0	0	0	0	0	0	0	17	17	15	2	0	0	0	0	0	0	2	0	0	0	2	10	7	7	0	0	0	0	0	0	0	0	0	0	0	0	39	38	36	2	0	1	0	0	0	0	1	0	1	0	1	1 (2)	1 (2)	1 (2)	0	0	0	0	0	0	0	0	0	0	0	0	
103	_854_@M01093:134:000000000-D893R:1:1102:21652:1611	productive	Homsap IGHV4-59*01 F	105 (106)	82 (83)	80	2 (3)	0	0	0	2	0	0	0 (1)	0	0	2	0 (1)	26	11	11	0	0	0	0	0	0	0	0	0	0	0	0	12	8	8	0	0	0	0	0	0	0	0	0	0	0	0	17	17	15	2	0	0	0	2	0	0	0	0	0	2	0	10	7	7	0	0	0	0	0	0	0	0	0	0	0	0	39	38	38	0	0	0	0	0	0	0	0	0	0	0	0	1 (2)	1 (2)	1	0 (1)	0	0	0	0	0	0	0 (1)	0	0	0	0 (1)	
104	_856_@M01093:134:000000000-D893R:1:1102:20960:1621	productive	Homsap IGHV3-23*03 F	105 (106)	83 (84)	60 (61)	23	1	2	4	5	1	0	10	1	6	6	10	26	11	9	2	0	0	0	0	0	0	2	0	0	0	2	12	8	7	1	0	0	0	0	1	0	0	0	0	1	0	17	17	11	6	1	1	1	2	0	0	1	1	2	2	1	10	8	4	4	0	1	0	0	0	0	3	0	1	0	3	39	38	28	10	0	0	3	3	0	0	4	0	3	3	4	1 (2)	1 (2)	1 (2)	0	0	0	0	0	0	0	0	0	0	0	0	
105	>871_@M01093:134:000000000-D893R:1:1102:5054:16809	productive	Homsap IGHV3-23*03 F	105 (106)	83 (84)	65 (66)	18	1	1	4	4	1	0	7	1	5	5	7	26	11	11	0	0	0	0	0	0	0	0	0	0	0	0	12	8	7	1	0	0	0	0	1	0	0	0	0	1	0	17	17	14	3	1	0	1	1	0	0	0	1	1	1	0	10	8	4	4	0	1	0	0	0	0	3	0	1	0	3	39	38	28	10	0	0	3	3	0	0	4	0	3	3	4	1 (2)	1 (2)	1 (2)	0	0	0	0	0	0	0	0	0	0	0	0	
106	_872_@M01093:134:000000000-D893R:1:1102:20329:1687	productive	Homsap IGHV4-34*01 F, or Homsap IGHV4-34*02 F	106	83	78	5	0	0	1	2	0	0	2	0	1	2	2	26	11	10	1	0	0	0	0	0	0	1	0	0	0	1	12	8	8	0	0	0	0	0	0	0	0	0	0	0	0	17	17	13	4	0	0	1	2	0	0	1	0	1	2	1	10	7	7	0	0	0	0	0	0	0	0	0	0	0	0	39	38	38	0	0	0	0	0	0	0	0	0	0	0	0	2	2	2	0	0	0	0	0	0	0	0	0	0	0	0	
107	_875_@M01093:134:000000000-D893R:1:1102:18770:1699	productive	Homsap IGHV4-34*01 F, or Homsap IGHV4-34*02 F	106	83	74	9	0	0	3	3	1	0	2	0	3	4	2	26	11	6	5	0	0	2	1	1	0	1	0	2	2	1	12	8	8	0	0	0	0	0	0	0	0	0	0	0	0	17	17	13	4	0	0	1	2	0	0	1	0	1	2	1	10	7	7	0	0	0	0	0	0	0	0	0	0	0	0	39	38	38	0	0	0	0	0	0	0	0	0	0	0	0	2	2	2	0	0	0	0	0	0	0	0	0	0	0	0	
108	_880_@M01093:134:000000000-D893R:1:1102:19395:1713	productive	Homsap IGHV4-59*01 F	105 (106)	82 (83)	80	2 (3)	0	0	1	1	0	0	0 (1)	0	1	1	0 (1)	26	11	10	1	0	0	1	0	0	0	0	0	1	0	0	12	8	8	0	0	0	0	0	0	0	0	0	0	0	0	17	17	16	1	0	0	0	1	0	0	0	0	0	1	0	10	7	7	0	0	0	0	0	0	0	0	0	0	0	0	39	38	38	0	0	0	0	0	0	0	0	0	0	0	0	1 (2)	1 (2)	1	0 (1)	0	0	0	0	0	0	0 (1)	0	0	0	0 (1)	
109	_884_@M01093:134:000000000-D893R:1:1102:22025:1719	productive	Homsap IGHV3-23*03 F	105 (106)	83 (84)	61 (62)	22	3	1	4	4	1	0	9	3	5	5	9	26	11	8	3	2	0	0	0	0	0	1	2	0	0	1	12	8	7	1	0	0	0	0	1	0	0	0	0	1	0	17	17	14	3	1	0	1	1	0	0	0	1	1	1	0	10	8	3	5	0	1	0	0	0	0	4	0	1	0	4	39	38	28	10	0	0	3	3	0	0	4	0	3	3	4	1 (2)	1 (2)	1 (2)	0	0	0	0	0	0	0	0	0	0	0	0	
110	>889_@M01093:134:000000000-D893R:1:1102:3486:17449	No results	
111	_891_@M01093:134:000000000-D893R:1:1102:21528:1752	No results	
112	_893_@M01093:134:000000000-D893R:1:1102:18193:1763	productive	Homsap IGHV4-59*01 F	105 (106)	82 (83)	73	9 (10)	0	0	3	2	1	0	3 (4)	0	3	3	3 (4)	26	11	6	5	0	0	2	0	1	0	2	0	2	1	2	12	8	8	0	0	0	0	0	0	0	0	0	0	0	0	17	17	13	4	0	0	1	2	0	0	1	0	1	2	1	10	7	7	0	0	0	0	0	0	0	0	0	0	0	0	39	38	38	0	0	0	0	0	0	0	0	0	0	0	0	1 (2)	1 (2)	1	0 (1)	0	0	0	0	0	0	0 (1)	0	0	0	0 (1)	
113	>896_@M01093:134:000000000-D893R:1:1102:2574:17753	productive	Homsap IGHV4-34*01 F, or Homsap IGHV4-34*02 F	106	83	81	2	0	0	0	2	0	0	0	0	0	2	0	26	11	10	1	0	0	0	1	0	0	0	0	0	1	0	12	8	8	0	0	0	0	0	0	0	0	0	0	0	0	17	17	17	0	0	0	0	0	0	0	0	0	0	0	0	10	7	7	0	0	0	0	0	0	0	0	0	0	0	0	39	38	37	1	0	0	0	1	0	0	0	0	0	1	0	2	2	2	0	0	0	0	0	0	0	0	0	0	0	0	
114	_898_@M01093:134:000000000-D893R:1:1102:23901:1777	No results	
115	_800_@M01093:134:000000000-D893R:1:1102:19231:1450	productive	Homsap IGHV1-69*02 F, or Homsap IGHV1-69*04 F or Homsap IGHV1-69*09 F	106	63	61	2	0	0	0	0	1	0	1	0	0	1	1	-	-	-	-	-	-	-	-	-	-	-	-				-	-	-	-	-	-	-	-	-	-	-	-				17	15	13	2	0	0	0	0	1	0	1	0	0	1	1	10	8	8	0	0	0	0	0	0	0	0	0	0	0	0	39	38	38	0	0	0	0	0	0	0	0	0	0	0	0	2	2	2	0	0	0	0	0	0	0	0	0	0	0	0	
116	_804_@M01093:134:000000000-D893R:1:1102:25046:1460	productive	Homsap IGHV3-23*03 F	105 (106)	83 (84)	59 (60)	24	1	1	5	5	2	0	10	1	6	7	10	26	11	8	3	0	0	0	1	1	0	1	0	0	2	1	12	8	7	1	0	0	0	0	1	0	0	0	0	1	0	17	17	12	5	1	0	2	1	0	0	1	1	2	1	1	10	8	3	5	0	1	0	0	0	0	4	0	1	0	4	39	38	28	10	0	0	3	3	0	0	4	0	3	3	4	1 (2)	1 (2)	1 (2)	0	0	0	0	0	0	0	0	0	0	0	0	
117	_808_@M01093:134:000000000-D893R:1:1102:24976:1469	productive	Homsap IGHV3-23*03 F	105 (106)	83 (84)	58 (59)	25	2	1	4	6	1	0	11	2	5	7	11	26	11	6	5	1	0	0	2	0	0	2	1	0	2	2	12	8	7	1	0	0	0	0	1	0	0	0	0	1	0	17	17	13	4	1	0	1	1	0	0	1	1	1	1	1	10	8	3	5	0	1	0	0	0	0	4	0	1	0	4	39	38	28	10	0	0	3	3	0	0	4	0	3	3	4	1 (2)	1 (2)	1 (2)	0	0	0	0	0	0	0	0	0	0	0	0	
118	_815_@M01093:134:000000000-D893R:1:1102:21044:1491	unproductive	Homsap IGHV1-2*02 F	106	83	80	3	0	1	0	1	0	0	1	0	1	1	1	26	10	9	1	0	0	0	1	0	0	0	0	0	1	0	12	8	8	0	0	0	0	0	0	0	0	0	0	0	0	17	17	16	1	0	1	0	0	0	0	0	0	1	0	0	10	8	7	1	0	0	0	0	0	0	1	0	0	0	1	39	38	38	0	0	0	0	0	0	0	0	0	0	0	0	2	2	2	0	0	0	0	0	0	0	0	0	0	0	0	
119	_820_@M01093:134:000000000-D893R:1:1102:22763:1514	productive	Homsap IGHV3-23*03 F	105 (106)	83 (84)	57 (58)	26	1	1	5	6	1	0	12	1	6	7	12	26	11	7	4	0	0	0	0	0	0	4	0	0	0	4	12	8	7	1	0	0	0	0	1	0	0	0	0	1	0	17	17	10	7	1	0	2	3	0	0	1	1	2	3	1	10	8	4	4	0	1	0	0	0	0	3	0	1	0	3	39	38	28	10	0	0	3	3	0	0	4	0	3	3	4	1 (2)	1 (2)	1 (2)	0	0	0	0	0	0	0	0	0	0	0	0	
120	>821_@M01093:134:000000000-D893R:1:1102:3650:15165	No results	
121	>822_@M01093:134:000000000-D893R:1:1102:2427:15177	productive	Homsap IGHV4-59*01 F	105 (106)	82 (83)	81	1 (2)	0	0	0	0	0	0	1 (2)	0	0	0	1 (2)	26	11	11	0	0	0	0	0	0	0	0	0	0	0	0	12	8	8	0	0	0	0	0	0	0	0	0	0	0	0	17	17	16	1	0	0	0	0	0	0	1	0	0	0	1	10	7	7	0	0	0	0	0	0	0	0	0	0	0	0	39	38	38	0	0	0	0	0	0	0	0	0	0	0	0	1 (2)	1 (2)	1	0 (1)	0	0	0	0	0	0	0 (1)	0	0	0	0 (1)	
122	_823_@M01093:134:000000000-D893R:1:1102:17817:1520	productive	Homsap IGHV3-23*03 F	105 (106)	83 (84)	57 (58)	26	1	1	5	5	1	1	12	1	6	7	12	26	11	7	4	0	0	0	0	0	1	3	0	0	1	3	12	8	7	1	0	0	0	0	1	0	0	0	0	1	0	17	17	11	6	1	0	2	2	0	0	1	1	2	2	1	10	8	4	4	0	1	0	0	0	0	3	0	1	0	3	39	38	27	11	0	0	3	3	0	0	5	0	3	3	5	1 (2)	1 (2)	1 (2)	0	0	0	0	0	0	0	0	0	0	0	0	
123	_826_@M01093:134:000000000-D893R:1:1102:17622:1528	No results	
124	_833_@M01093:134:000000000-D893R:1:1102:16486:1557	productive	Homsap IGHV1-18*01 F, or Homsap IGHV1-18*04 F	106	63	60	3	0	0	0	2	0	0	1	0	0	2	1	-	-	-	-	-	-	-	-	-	-	-	-				-	-	-	-	-	-	-	-	-	-	-	-				17	15	13	2	0	0	0	1	0	0	1	0	0	1	1	10	8	8	0	0	0	0	0	0	0	0	0	0	0	0	39	38	37	1	0	0	0	1	0	0	0	0	0	1	0	2	2	2	0	0	0	0	0	0	0	0	0	0	0	0	
125	_835_@M01093:134:000000000-D893R:1:1102:24828:1562	productive	Homsap IGHV3-23*03 F	105 (106)	83 (84)	62 (63)	21	1	1	4	6	1	0	8	1	5	7	8	26	11	11	0	0	0	0	0	0	0	0	0	0	0	0	12	8	7	1	0	0	0	0	1	0	0	0	0	1	0	17	17	11	6	1	0	1	3	0	0	1	1	1	3	1	10	8	4	4	0	1	0	0	0	0	3	0	1	0	3	39	38	28	10	0	0	3	3	0	0	4	0	3	3	4	1 (2)	1 (2)	1 (2)	0	0	0	0	0	0	0	0	0	0	0	0	
126	_836_@M01093:134:000000000-D893R:1:1102:18011:1566	unproductive	Homsap IGHV1-2*02 F	106	83	78	5	0	1	0	1	1	0	2	0	1	2	2	26	10	8	2	0	0	0	1	1	0	0	0	0	2	0	12	8	8	0	0	0	0	0	0	0	0	0	0	0	0	17	17	16	1	0	1	0	0	0	0	0	0	1	0	0	10	8	7	1	0	0	0	0	0	0	1	0	0	0	1	39	38	37	1	0	0	0	0	0	0	1	0	0	0	1	2	2	2	0	0	0	0	0	0	0	0	0	0	0	0	
127	_840_@M01093:134:000000000-D893R:1:1102:22103:1577	No results	
128	_842_@M01093:134:000000000-D893R:1:1102:22262:1579	productive	Homsap IGHV3-23*03 F	105 (106)	83 (84)	61 (62)	22	3	1	4	4	1	0	9	3	5	5	9	26	11	8	3	2	0	0	0	0	0	1	2	0	0	1	12	8	7	1	0	0	0	0	1	0	0	0	0	1	0	17	17	14	3	1	0	1	1	0	0	0	1	1	1	0	10	8	4	4	0	1	0	0	0	0	3	0	1	0	3	39	38	27	11	0	0	3	3	0	0	5	0	3	3	5	1 (2)	1 (2)	1 (2)	0	0	0	0	0	0	0	0	0	0	0	0	
129	_848_@M01093:134:000000000-D893R:1:1102:26791:1593	productive	Homsap IGHV3-66*01 F, or Homsap IGHV3-66*04 F	106	83	79	4	0	0	0	2	0	0	2	0	0	2	2	26	11	9	2	0	0	0	0	0	0	2	0	0	0	2	12	8	8	0	0	0	0	0	0	0	0	0	0	0	0	17	17	16	1	0	0	0	1	0	0	0	0	0	1	0	10	7	7	0	0	0	0	0	0	0	0	0	0	0	0	39	38	37	1	0	0	0	1	0	0	0	0	0	1	0	2	2	2	0	0	0	0	0	0	0	0	0	0	0	0	
130	_904_@M01093:134:000000000-D893R:1:1102:18604:1803	productive	Homsap IGHV3-66*01 F, or Homsap IGHV3-66*04 F	106	83	80	3	0	0	0	0	0	0	3	0	0	0	3	26	11	9	2	0	0	0	0	0	0	2	0	0	0	2	12	8	8	0	0	0	0	0	0	0	0	0	0	0	0	17	17	16	1	0	0	0	0	0	0	1	0	0	0	1	10	7	7	0	0	0	0	0	0	0	0	0	0	0	0	39	38	38	0	0	0	0	0	0	0	0	0	0	0	0	2	2	2	0	0	0	0	0	0	0	0	0	0	0	0	
131	>909_@M01093:134:000000000-D893R:1:1102:2295:18153	productive	Homsap IGHV3-23*03 F	105 (106)	83 (84)	64 (65)	19	1	1	4	4	1	0	8	1	5	5	8	26	11	11	0	0	0	0	0	0	0	0	0	0	0	0	12	8	7	1	0	0	0	0	1	0	0	0	0	1	0	17	17	14	3	1	0	1	1	0	0	0	1	1	1	0	10	8	3	5	0	1	0	0	0	0	4	0	1	0	4	39	38	28	10	0	0	3	3	0	0	4	0	3	3	4	1 (2)	1 (2)	1 (2)	0	0	0	0	0	0	0	0	0	0	0	0	
132	_913_@M01093:134:000000000-D893R:1:1102:20128:1832	productive	Homsap IGHV1-18*01 F	106	83	80	3	0	1	0	1	0	0	1	0	1	1	1	26	10	9	1	0	0	0	1	0	0	0	0	0	1	0	12	8	8	0	0	0	0	0	0	0	0	0	0	0	0	17	17	16	1	0	1	0	0	0	0	0	0	1	0	0	10	8	8	0	0	0	0	0	0	0	0	0	0	0	0	39	38	37	1	0	0	0	0	0	0	1	0	0	0	1	2	2	2	0	0	0	0	0	0	0	0	0	0	0	0	
133	_922_@M01093:134:000000000-D893R:1:1102:24743:1865	productive	Homsap IGHV4-34*01 F, or Homsap IGHV4-34*02 F	104 (106)	81 (83)	76 (77)	5 (6)	0	0	1	2	0	0	2 (3)	0	1	2	2 (3)	26	11	11	0	0	0	0	0	0	0	0	0	0	0	0	12	8	8	0	0	0	0	0	0	0	0	0	0	0	0	17	17	13	4	0	0	1	2	0	0	1	0	1	2	1	10	7	7	0	0	0	0	0	0	0	0	0	0	0	0	39	38	37	1	0	0	0	0	0	0	1	0	0	0	1	0 (2)	0 (2)	0 (1)	0 (1)	0	0	0	0	0	0	0 (1)	0	0	0	0 (1)	
134	_923_@M01093:134:000000000-D893R:1:1102:16499:1873	No results	
135	_928_@M01093:134:000000000-D893R:1:1102:19870:1891	productive	Homsap IGHV4-59*01 F	105 (106)	82 (83)	78	4 (5)	0	0	1	2	0	0	1 (2)	0	1	2	1 (2)	26	11	11	0	0	0	0	0	0	0	0	0	0	0	0	12	8	8	0	0	0	0	0	0	0	0	0	0	0	0	17	17	13	4	0	0	1	2	0	0	1	0	1	2	1	10	7	7	0	0	0	0	0	0	0	0	0	0	0	0	39	38	38	0	0	0	0	0	0	0	0	0	0	0	0	1 (2)	1 (2)	1	0 (1)	0	0	0	0	0	0	0 (1)	0	0	0	0 (1)	
136	_939_@M01093:134:000000000-D893R:1:1102:14594:1943	productive	Homsap IGHV1-18*01 F, or Homsap IGHV1-18*04 F	106	63	59	4	0	0	1	2	1	0	0	0	1	3	0	-	-	-	-	-	-	-	-	-	-	-	-				-	-	-	-	-	-	-	-	-	-	-	-				17	15	12	3	0	0	0	2	1	0	0	0	0	3	0	10	8	8	0	0	0	0	0	0	0	0	0	0	0	0	39	38	37	1	0	0	1	0	0	0	0	0	1	0	0	2	2	2	0	0	0	0	0	0	0	0	0	0	0	0	
137	>948_@M01093:134:000000000-D893R:1:1102:4301:19963	productive	Homsap IGHV1-3*01 F, or Homsap IGHV1-3*05 F	106	83	82	1	0	1	0	0	0	0	0	0	1	0	0	26	10	10	0	0	0	0	0	0	0	0	0	0	0	0	12	8	8	0	0	0	0	0	0	0	0	0	0	0	0	17	17	17	0	0	0	0	0	0	0	0	0	0	0	0	10	8	8	0	0	0	0	0	0	0	0	0	0	0	0	39	38	37	1	0	1	0	0	0	0	0	0	1	0	0	2	2	2	0	0	0	0	0	0	0	0	0	0	0	0	
138	>957_@M01093:134:000000000-D893R:1:1102:7514:20302	productive	Homsap IGHV3-66*01 F, or Homsap IGHV3-66*04 F	106	83	80	3	0	1	0	0	0	0	2	0	1	0	2	26	11	10	1	0	0	0	0	0	0	1	0	0	0	1	12	8	8	0	0	0	0	0	0	0	0	0	0	0	0	17	17	16	1	0	0	0	0	0	0	1	0	0	0	1	10	7	7	0	0	0	0	0	0	0	0	0	0	0	0	39	38	37	1	0	1	0	0	0	0	0	0	1	0	0	2	2	2	0	0	0	0	0	0	0	0	0	0	0	0	
139	>963_@M01093:134:000000000-D893R:1:1102:3045:20593	productive	Homsap IGHV4-34*01 F, or Homsap IGHV4-34*02 F	106	83	82	1	0	0	0	0	0	0	1	0	0	0	1	26	11	11	0	0	0	0	0	0	0	0	0	0	0	0	12	8	7	1	0	0	0	0	0	0	1	0	0	0	1	17	17	17	0	0	0	0	0	0	0	0	0	0	0	0	10	7	7	0	0	0	0	0	0	0	0	0	0	0	0	39	38	38	0	0	0	0	0	0	0	0	0	0	0	0	2	2	2	0	0	0	0	0	0	0	0	0	0	0	0	
140	_964_@M01093:134:000000000-D893R:1:1102:19497:2059	productive	Homsap IGHV1-3*01 F, or Homsap IGHV1-3*05 F	106	83	80	3	0	2	0	1	0	0	0	0	2	1	0	26	10	9	1	0	0	0	1	0	0	0	0	0	1	0	12	8	8	0	0	0	0	0	0	0	0	0	0	0	0	17	17	16	1	0	1	0	0	0	0	0	0	1	0	0	10	8	8	0	0	0	0	0	0	0	0	0	0	0	0	39	38	37	1	0	1	0	0	0	0	0	0	1	0	0	2	2	2	0	0	0	0	0	0	0	0	0	0	0	0	
141	_969_@M01093:134:000000000-D893R:1:1102:17643:2070	productive	Homsap IGHV4-59*01 F	105 (106)	82 (83)	79	3 (4)	0	0	0	2	0	0	1 (2)	0	0	2	1 (2)	26	11	11	0	0	0	0	0	0	0	0	0	0	0	0	12	8	8	0	0	0	0	0	0	0	0	0	0	0	0	17	17	14	3	0	0	0	2	0	0	1	0	0	2	1	10	7	7	0	0	0	0	0	0	0	0	0	0	0	0	39	38	38	0	0	0	0	0	0	0	0	0	0	0	0	1 (2)	1 (2)	1	0 (1)	0	0	0	0	0	0	0 (1)	0	0	0	0 (1)	
142	_978_@M01093:134:000000000-D893R:1:1102:17242:2087	productive	Homsap IGHV1-18*01 F, or Homsap IGHV1-18*04 F	106	63	56	7	1	1	0	2	2	0	1	1	1	4	1	-	-	-	-	-	-	-	-	-	-	-	-				-	-	-	-	-	-	-	-	-	-	-	-				17	15	9	6	1	0	0	2	2	0	1	1	0	4	1	10	8	8	0	0	0	0	0	0	0	0	0	0	0	0	39	38	37	1	0	1	0	0	0	0	0	0	1	0	0	2	2	2	0	0	0	0	0	0	0	0	0	0	0	0	
143	_986_@M01093:134:000000000-D893R:1:1102:21390:2115	unproductive	Homsap IGHV4-4*01 F	105 (106)	83 (84)	74 (75)	9	0	0	2	3	1	0	3	0	2	4	3	26	11	4	7	0	0	2	2	1	0	2	0	2	3	2	12	9	9	0	0	0	0	0	0	0	0	0	0	0	0	17	17	16	1	0	0	0	0	0	0	1	0	0	0	1	10	7	7	0	0	0	0	0	0	0	0	0	0	0	0	39	38	37	1	0	0	0	1	0	0	0	0	0	1	0	1 (2)	1 (2)	1 (2)	0	0	0	0	0	0	0	0	0	0	0	0	
144	_988_@M01093:134:000000000-D893R:1:1102:26061:2115	productive	Homsap IGHV4-59*01 F	105 (106)	82 (83)	78	4 (5)	0	0	1	2	0	0	1 (2)	0	1	2	1 (2)	26	11	11	0	0	0	0	0	0	0	0	0	0	0	0	12	8	8	0	0	0	0	0	0	0	0	0	0	0	0	17	17	13	4	0	0	1	2	0	0	1	0	1	2	1	10	7	7	0	0	0	0	0	0	0	0	0	0	0	0	39	38	38	0	0	0	0	0	0	0	0	0	0	0	0	1 (2)	1 (2)	1	0 (1)	0	0	0	0	0	0	0 (1)	0	0	0	0 (1)	
145	>991_@M01093:134:000000000-D893R:1:1102:6565:21354	unproductive	Homsap IGHV1-2*02 F	106	83	79	4	0	1	0	2	0	0	1	0	1	2	1	26	10	9	1	0	0	0	1	0	0	0	0	0	1	0	12	8	7	1	0	0	0	1	0	0	0	0	0	1	0	17	17	16	1	0	1	0	0	0	0	0	0	1	0	0	10	8	7	1	0	0	0	0	0	0	1	0	0	0	1	39	38	38	0	0	0	0	0	0	0	0	0	0	0	0	2	2	2	0	0	0	0	0	0	0	0	0	0	0	0	
146	_992_@M01093:134:000000000-D893R:1:1102:27462:2138	productive	Homsap IGHV1-3*01 F, or Homsap IGHV1-3*05 F	106	83	80	3	0	1	0	1	0	1	0	0	1	2	0	26	10	9	1	0	0	0	1	0	0	0	0	0	1	0	12	8	8	0	0	0	0	0	0	0	0	0	0	0	0	17	17	15	2	0	1	0	0	0	1	0	0	1	1	0	10	8	8	0	0	0	0	0	0	0	0	0	0	0	0	39	38	38	0	0	0	0	0	0	0	0	0	0	0	0	2	2	2	0	0	0	0	0	0	0	0	0	0	0	0	
147	_999_@M01093:134:000000000-D893R:1:1102:22298:2162	unproductive	Homsap IGHV4-4*01 F, or Homsap IGHV4-4*02 F	105 (106)	83 (84)	77 (78)	6	0	0	1	2	0	0	3	0	1	2	3	26	11	9	2	0	0	0	1	0	0	1	0	0	1	1	12	9	9	0	0	0	0	0	0	0	0	0	0	0	0	17	17	15	2	0	0	0	0	0	0	2	0	0	0	2	10	7	7	0	0	0	0	0	0	0	0	0	0	0	0	39	38	36	2	0	0	1	1	0	0	0	0	1	1	0	1 (2)	1 (2)	1 (2)	0	0	0	0	0	0	0	0	0	0	0	0	
148	_1052_@M01093:134:000000000-D893R:1:1102:26423:235	productive	Homsap IGHV4-59*01 F	105 (106)	82 (83)	78	4 (5)	0	0	1	2	0	0	1 (2)	0	1	2	1 (2)	26	11	11	0	0	0	0	0	0	0	0	0	0	0	0	12	8	8	0	0	0	0	0	0	0	0	0	0	0	0	17	17	13	4	0	0	1	2	0	0	1	0	1	2	1	10	7	7	0	0	0	0	0	0	0	0	0	0	0	0	39	38	38	0	0	0	0	0	0	0	0	0	0	0	0	1 (2)	1 (2)	1	0 (1)	0	0	0	0	0	0	0 (1)	0	0	0	0 (1)	
149	_1075_@M01093:134:000000000-D893R:1:1102:19579:244	unproductive	Homsap IGHV4-4*01 F, or Homsap IGHV4-4*02 F	105 (106)	83 (84)	78 (79)	5	0	0	1	2	0	0	2	0	1	2	2	26	11	9	2	0	0	0	1	0	0	1	0	0	1	1	12	9	9	0	0	0	0	0	0	0	0	0	0	0	0	17	17	16	1	0	0	0	0	0	0	1	0	0	0	1	10	7	7	0	0	0	0	0	0	0	0	0	0	0	0	39	38	36	2	0	0	1	1	0	0	0	0	1	1	0	1 (2)	1 (2)	1 (2)	0	0	0	0	0	0	0	0	0	0	0	0	
150	_1095_@M01093:134:000000000-D893R:1:1102:20825:255	productive	Homsap IGHV3-23*03 F	105 (106)	83 (84)	60 (61)	23	1	1	4	6	1	0	10	1	5	7	10	26	11	10	1	0	0	0	0	0	0	1	0	0	0	1	12	8	7	1	0	0	0	0	1	0	0	0	0	1	0	17	17	11	6	1	0	1	3	0	0	1	1	1	3	1	10	8	3	5	0	1	0	0	0	0	4	0	1	0	4	39	38	28	10	0	0	3	3	0	0	4	0	3	3	4	1 (2)	1 (2)	1 (2)	0	0	0	0	0	0	0	0	0	0	0	0	
151	_1098_@M01093:134:000000000-D893R:1:1102:20677:257	unproductive	Homsap IGHV1-2*02 F	106	83	80	3	0	1	0	0	0	0	2	0	1	0	2	26	10	9	1	0	0	0	0	0	0	1	0	0	0	1	12	8	8	0	0	0	0	0	0	0	0	0	0	0	0	17	17	16	1	0	1	0	0	0	0	0	0	1	0	0	10	8	7	1	0	0	0	0	0	0	1	0	0	0	1	39	38	38	0	0	0	0	0	0	0	0	0	0	0	0	2	2	2	0	0	0	0	0	0	0	0	0	0	0	0	
152	_1009_@M01093:134:000000000-D893R:1:1102:20191:219	productive	Homsap IGHV3-23*03 F	105 (106)	83 (84)	61 (62)	22	3	1	4	5	1	0	8	3	5	6	8	26	11	8	3	2	0	0	0	0	0	1	2	0	0	1	12	8	7	1	0	0	0	0	1	0	0	0	0	1	0	17	17	14	3	1	0	1	1	0	0	0	1	1	1	0	10	8	3	5	0	1	0	1	0	0	3	0	1	1	3	39	38	28	10	0	0	3	3	0	0	4	0	3	3	4	1 (2)	1 (2)	1 (2)	0	0	0	0	0	0	0	0	0	0	0	0	
153	_1011_@M01093:134:000000000-D893R:1:1102:23467:220	No results	
154	_1013_@M01093:134:000000000-D893R:1:1102:20776:222	productive	Homsap IGHV4-34*01 F, or Homsap IGHV4-34*02 F	106	83	77	6	0	1	3	0	0	0	2	0	4	0	2	26	11	5	6	0	1	3	0	0	0	2	0	4	0	2	12	8	8	0	0	0	0	0	0	0	0	0	0	0	0	17	17	17	0	0	0	0	0	0	0	0	0	0	0	0	10	7	7	0	0	0	0	0	0	0	0	0	0	0	0	39	38	38	0	0	0	0	0	0	0	0	0	0	0	0	2	2	2	0	0	0	0	0	0	0	0	0	0	0	0	
155	_1025_@M01093:134:000000000-D893R:1:1102:24230:227	productive	Homsap IGHV3-23*03 F	105 (106)	83 (84)	59 (60)	24	1	1	4	6	1	1	10	1	5	8	10	26	11	8	3	0	0	0	0	0	1	2	0	0	1	2	12	8	7	1	0	0	0	0	1	0	0	0	0	1	0	17	17	11	6	1	0	1	3	0	0	1	1	1	3	1	10	8	4	4	0	1	0	0	0	0	3	0	1	0	3	39	38	28	10	0	0	3	3	0	0	4	0	3	3	4	1 (2)	1 (2)	1 (2)	0	0	0	0	0	0	0	0	0	0	0	0	
156	_1028_@M01093:134:000000000-D893R:1:1102:21452:228	unproductive	Homsap IGHV1-2*02 F	106	63	58	5	0	0	1	1	1	0	2	0	1	2	2	-	-	-	-	-	-	-	-	-	-	-	-				-	-	-	-	-	-	-	-	-	-	-	-				17	15	12	3	0	0	1	1	1	0	0	0	1	2	0	10	8	7	1	0	0	0	0	0	0	1	0	0	0	1	39	38	37	1	0	0	0	0	0	0	1	0	0	0	1	2	2	2	0	0	0	0	0	0	0	0	0	0	0	0	
157	_1045_@M01093:134:000000000-D893R:1:1102:15961:234	productive	Homsap IGHV1-18*01 F, or Homsap IGHV1-18*04 F	106	62	61	1	0	0	0	0	0	0	1	0	0	0	1	-	-	-	-	-	-	-	-	-	-	-	-				-	-	-	-	-	-	-	-	-	-	-	-				17	14	13	1	0	0	0	0	0	0	1	0	0	0	1	10	8	8	0	0	0	0	0	0	0	0	0	0	0	0	39	38	38	0	0	0	0	0	0	0	0	0	0	0	0	2	2	2	0	0	0	0	0	0	0	0	0	0	0	0	
158	_1048_@M01093:134:000000000-D893R:1:1102:22353:234	unproductive	Homsap IGHV3-66*01 F, or Homsap IGHV3-66*04 F	106	83	77	6	1	0	0	2	0	0	3	1	0	2	3	26	11	8	3	1	0	0	1	0	0	1	1	0	1	1	12	8	8	0	0	0	0	0	0	0	0	0	0	0	0	17	17	14	3	0	0	0	1	0	0	2	0	0	1	2	10	7	7	0	0	0	0	0	0	0	0	0	0	0	0	39	38	38	0	0	0	0	0	0	0	0	0	0	0	0	2	2	2	0	0	0	0	0	0	0	0	0	0	0	0	
159	_1049_@M01093:134:000000000-D893R:1:1102:23089:234	No results	
