Sequence number	Sequence ID	V-DOMAIN Functionality	V-GENE and allele	V-REGION Nb of positions including IMGT gaps (AA)	V-REGION Nb of AA	V-REGION Nb of identical AA	V-REGION Nb of AA changes	V-REGION +++	V-REGION ++-	V-REGION +-+	V-REGION +--	V-REGION -+-	V-REGION --+	V-REGION ---	V-REGION Very similar	V-REGION Similar	V-REGION Dissimilar	V-REGION Very dissimilar	FR1-IMGT Nb of positions including IMGT gaps (AA)	FR1-IMGT Nb of AA	FR1-IMGT Nb of identical AA	FR1-IMGT Nb of AA changes	FR1-IMGT +++	FR1-IMGT ++-	FR1-IMGT +-+	FR1-IMGT +--	FR1-IMGT -+-	FR1-IMGT --+	FR1-IMGT ---	FR1-IMGT Very similar	FR1-IMGT Similar	FR1-IMGT Dissimilar	FR1-IMGT Very dissimilar	CDR1-IMGT Nb of positions including IMGT gaps (AA)	CDR1-IMGT Nb of AA	CDR1-IMGT Nb of identical AA	CDR1-IMGT Nb of AA changes	CDR1-IMGT +++	CDR1-IMGT ++-	CDR1-IMGT +-+	CDR1-IMGT +--	CDR1-IMGT -+-	CDR1-IMGT --+	CDR1-IMGT ---	CDR1-IMGT Very similar	CDR1-IMGT Similar	CDR1-IMGT Dissimilar	CDR1-IMGT Very dissimilar	FR2-IMGT Nb of positions including IMGT gaps (AA)	FR2-IMGT Nb of AA	FR2-IMGT Nb of identical AA	FR2-IMGT Nb of AA changes	FR2-IMGT +++	FR2-IMGT ++-	FR2-IMGT +-+	FR2-IMGT +--	FR2-IMGT -+-	FR2-IMGT --+	FR2-IMGT ---	FR2-IMGT Very similar	FR2-IMGT Similar	FR2-IMGT Dissimilar	FR2-IMGT Very dissimilar	CDR2-IMGT Nb of positions including IMGT gaps (AA)	CDR2-IMGT Nb of AA	CDR2-IMGT Nb of identical AA	CDR2-IMGT Nb of AA changes	CDR2-IMGT +++	CDR2-IMGT ++-	CDR2-IMGT +-+	CDR2-IMGT +--	CDR2-IMGT -+-	CDR2-IMGT --+	CDR2-IMGT ---	CDR2-IMGT Very similar	CDR2-IMGT Similar	CDR2-IMGT Dissimilar	CDR2-IMGT Very dissimilar	FR3-IMGT Nb of positions including IMGT gaps (AA)	FR3-IMGT Nb of AA	FR3-IMGT Nb of identical AA	FR3-IMGT Nb of AA changes	FR3-IMGT +++	FR3-IMGT ++-	FR3-IMGT +-+	FR3-IMGT +--	FR3-IMGT -+-	FR3-IMGT --+	FR3-IMGT ---	FR3-IMGT Very similar	FR3-IMGT Similar	FR3-IMGT Dissimilar	FR3-IMGT Very dissimilar	CDR3-IMGT Nb of positions including IMGT gaps (AA)	CDR3-IMGT Nb of AA	CDR3-IMGT Nb of identical AA	CDR3-IMGT Nb of AA changes	CDR3-IMGT +++	CDR3-IMGT ++-	CDR3-IMGT +-+	CDR3-IMGT +--	CDR3-IMGT -+-	CDR3-IMGT --+	CDR3-IMGT ---	CDR3-IMGT Very similar	CDR3-IMGT Similar	CDR3-IMGT Dissimilar	CDR3-IMGT Very dissimilar	
1	>11_@M01093:134:000000000-D893R:1:1101:17140:3713	unproductive	Homsap IGHV4-59*13 F	105 (106)	82 (83)	75	7 (8)	0	2	0	0	1	0	4 (5)	0	2	1	4 (5)	26	11	11	0	0	0	0	0	0	0	0	0	0	0	0	12	8	8	0	0	0	0	0	0	0	0	0	0	0	0	17	17	11	6	0	2	0	0	1	0	3	0	2	1	3	10	7	6	1	0	0	0	0	0	0	1	0	0	0	1	39	38	38	0	0	0	0	0	0	0	0	0	0	0	0	1 (2)	1 (2)	1	0 (1)	0	0	0	0	0	0	0 (1)	0	0	0	0 (1)	
2	>12_@M01093:134:000000000-D893R:1:1101:18213:3815	productive	Homsap IGHV3-15*01 F, or Homsap IGHV3-15*02 F or Homsap IGHV3-15*06 F	106	86	80	6	2	1	0	0	1	0	2	2	1	1	2	26	11	8	3	2	0	0	0	0	0	1	2	0	0	1	12	8	8	0	0	0	0	0	0	0	0	0	0	0	0	17	17	17	0	0	0	0	0	0	0	0	0	0	0	0	10	10	9	1	0	0	0	0	0	0	1	0	0	0	1	39	38	36	2	0	1	0	0	1	0	0	0	1	1	0	2	2	2	0	0	0	0	0	0	0	0	0	0	0	0	
3	>22_@M01093:134:000000000-D893R:1:1101:22309:4888	productive	Homsap IGHV3-30*04 F, or Homsap IGHV3-30-3*03 F	106	84	73	11	0	1	1	1	1	1	6	0	2	3	6	26	11	7	4	0	0	0	0	0	1	3	0	0	1	3	12	8	8	0	0	0	0	0	0	0	0	0	0	0	0	17	17	12	5	0	1	1	1	1	0	1	0	2	2	1	10	8	8	0	0	0	0	0	0	0	0	0	0	0	0	39	38	36	2	0	0	0	0	0	0	2	0	0	0	2	2	2	2	0	0	0	0	0	0	0	0	0	0	0	0	
4	>35_@M01093:134:000000000-D893R:1:1101:18157:5492	productive	Homsap IGHV3-15*01 F, or Homsap IGHV3-15*02 F	106	86	75	11	0	2	0	3	2	0	4	0	2	5	4	26	11	9	2	0	1	0	0	0	0	1	0	1	0	1	12	8	8	0	0	0	0	0	0	0	0	0	0	0	0	17	17	9	8	0	1	0	3	2	0	2	0	1	5	2	10	10	9	1	0	0	0	0	0	0	1	0	0	0	1	39	38	38	0	0	0	0	0	0	0	0	0	0	0	0	2	2	2	0	0	0	0	0	0	0	0	0	0	0	0	
5	>43_@M01093:134:000000000-D893R:1:1101:22059:5939	unproductive	Homsap IGHV4-34*01 F, or Homsap IGHV4-34*02 F	106	83	81	2	0	0	0	1	0	0	1	0	0	1	1	26	11	11	0	0	0	0	0	0	0	0	0	0	0	0	12	8	8	0	0	0	0	0	0	0	0	0	0	0	0	17	17	15	2	0	0	0	1	0	0	1	0	0	1	1	10	7	7	0	0	0	0	0	0	0	0	0	0	0	0	39	38	38	0	0	0	0	0	0	0	0	0	0	0	0	2	2	2	0	0	0	0	0	0	0	0	0	0	0	0	
6	_103_@M01093:134:000000000-D893R:1:1101:18817:1012	unproductive	Homsap IGHV4-34*01 F, or Homsap IGHV4-34*02 F	106	83	78	5	0	1	2	0	1	0	1	0	3	1	1	26	11	6	5	0	1	2	0	1	0	1	0	3	1	1	12	8	8	0	0	0	0	0	0	0	0	0	0	0	0	17	17	17	0	0	0	0	0	0	0	0	0	0	0	0	10	7	7	0	0	0	0	0	0	0	0	0	0	0	0	39	38	38	0	0	0	0	0	0	0	0	0	0	0	0	2	2	2	0	0	0	0	0	0	0	0	0	0	0	0	
7	_104_@M01093:134:000000000-D893R:1:1101:24773:1026	No results	
8	_105_@M01093:134:000000000-D893R:1:1101:26150:1032	productive	Homsap IGHV3-30*04 F, or Homsap IGHV3-30-3*03 F	106	84	76	8	0	0	0	2	2	0	4	0	0	4	4	26	11	9	2	0	0	0	0	0	0	2	0	0	0	2	12	8	8	0	0	0	0	0	0	0	0	0	0	0	0	17	17	12	5	0	0	0	2	2	0	1	0	0	4	1	10	8	8	0	0	0	0	0	0	0	0	0	0	0	0	39	38	37	1	0	0	0	0	0	0	1	0	0	0	1	2	2	2	0	0	0	0	0	0	0	0	0	0	0	0	
9	_108_@M01093:134:000000000-D893R:1:1101:22380:1045	unproductive	Homsap IGHV3-30-3*01 F	106	84	54	30	2	1	7	2	7	1	10	2	8	10	10	26	11	7	4	0	0	1	0	0	1	2	0	1	1	2	12	8	3	5	0	0	1	1	2	0	1	0	1	3	1	17	17	11	6	0	1	2	0	1	0	2	0	3	1	2	10	8	4	4	0	0	0	1	0	0	3	0	0	1	3	39	38	29	9	1	0	2	0	4	0	2	1	2	4	2	2	2	0	2	1	0	1	0	0	0	0	1	1	0	0	
10	_113_@M01093:134:000000000-D893R:1:1101:20655:1071	productive	Homsap IGHV3-33*01 F, or Homsap IGHV3-33*06 F	106	84	79	5	1	0	0	2	1	0	1	1	0	3	1	26	11	9	2	0	0	0	1	0	0	1	0	0	1	1	12	8	7	1	0	0	0	0	1	0	0	0	0	1	0	17	17	16	1	0	0	0	1	0	0	0	0	0	1	0	10	8	8	0	0	0	0	0	0	0	0	0	0	0	0	39	38	38	0	0	0	0	0	0	0	0	0	0	0	0	2	2	1	1	1	0	0	0	0	0	0	1	0	0	0	
11	_120_@M01093:134:000000000-D893R:1:1101:20234:1136	productive	Homsap IGHV4-59*01 F	105 (106)	82 (83)	76	6 (7)	1	2	2	0	0	0	1 (2)	1	4	0	1 (2)	26	11	6	5	1	1	2	0	0	0	1	1	3	0	1	12	8	8	0	0	0	0	0	0	0	0	0	0	0	0	17	17	17	0	0	0	0	0	0	0	0	0	0	0	0	10	7	7	0	0	0	0	0	0	0	0	0	0	0	0	39	38	37	1	0	1	0	0	0	0	0	0	1	0	0	1 (2)	1 (2)	1	0 (1)	0	0	0	0	0	0	0 (1)	0	0	0	0 (1)	
12	>124_@M01093:134:000000000-D893R:1:1101:2643:11510	unproductive	Homsap IGHV4-34*01 F, or Homsap IGHV4-34*02 F	106	83	78	5	0	2	1	0	1	0	1	0	3	1	1	26	11	11	0	0	0	0	0	0	0	0	0	0	0	0	12	8	8	0	0	0	0	0	0	0	0	0	0	0	0	17	17	12	5	0	2	1	0	1	0	1	0	3	1	1	10	7	7	0	0	0	0	0	0	0	0	0	0	0	0	39	38	38	0	0	0	0	0	0	0	0	0	0	0	0	2	2	2	0	0	0	0	0	0	0	0	0	0	0	0	
13	_128_@M01093:134:000000000-D893R:1:1101:18657:1170	productive	Homsap IGHV3-30*04 F, or Homsap IGHV3-30-3*03 F	106	84	80	4	2	0	0	1	0	0	1	2	0	1	1	26	11	8	3	2	0	0	1	0	0	0	2	0	1	0	12	8	8	0	0	0	0	0	0	0	0	0	0	0	0	17	17	17	0	0	0	0	0	0	0	0	0	0	0	0	10	8	8	0	0	0	0	0	0	0	0	0	0	0	0	39	38	37	1	0	0	0	0	0	0	1	0	0	0	1	2	2	2	0	0	0	0	0	0	0	0	0	0	0	0	
14	_135_@M01093:134:000000000-D893R:1:1101:10334:1189	productive	Homsap IGHV3-30-3*01 F	106	84	56	28	2	0	7	4	4	1	10	2	7	9	10	26	11	7	4	0	0	1	0	0	1	2	0	1	1	2	12	8	3	5	0	0	1	1	2	0	1	0	1	3	1	17	17	11	6	0	0	1	1	1	0	3	0	1	2	3	10	8	3	5	0	0	0	1	0	0	4	0	0	1	4	39	38	32	6	1	0	3	1	1	0	0	1	3	2	0	2	2	0	2	1	0	1	0	0	0	0	1	1	0	0	
15	_141_@M01093:134:000000000-D893R:1:1101:17569:1210	productive	Homsap IGHV3-30-3*01 F	106	84	60	24	4	0	5	3	6	0	6	4	5	9	6	26	11	7	4	2	0	1	1	0	0	0	2	1	1	0	12	8	3	5	0	0	1	1	2	0	1	0	1	3	1	17	17	16	1	0	0	0	0	0	0	1	0	0	0	1	10	8	4	4	0	0	0	1	0	0	3	0	0	1	3	39	38	30	8	1	0	2	0	4	0	1	1	2	4	1	2	2	0	2	1	0	1	0	0	0	0	1	1	0	0	
16	_142_@M01093:134:000000000-D893R:1:1101:18760:1213	unproductive	Homsap IGHV5-51*01 F, or Homsap IGHV5-51*03 F	106	84	78	6	1	0	1	1	0	0	3	1	1	1	3	26	11	7	4	1	0	0	0	0	0	3	1	0	0	3	12	8	8	0	0	0	0	0	0	0	0	0	0	0	0	17	17	17	0	0	0	0	0	0	0	0	0	0	0	0	10	8	8	0	0	0	0	0	0	0	0	0	0	0	0	39	38	36	2	0	0	1	1	0	0	0	0	1	1	0	2	2	2	0	0	0	0	0	0	0	0	0	0	0	0	
17	_250_@M01093:134:000000000-D893R:1:1101:18622:1611	No results	
18	_253_@M01093:134:000000000-D893R:1:1101:19862:1622	productive	Homsap IGHV3-30*04 F, or Homsap IGHV3-30-3*03 F	106	84	79	5	2	0	1	1	0	0	1	2	1	1	1	26	11	8	3	2	0	0	1	0	0	0	2	0	1	0	12	8	8	0	0	0	0	0	0	0	0	0	0	0	0	17	17	16	1	0	0	1	0	0	0	0	0	1	0	0	10	8	8	0	0	0	0	0	0	0	0	0	0	0	0	39	38	37	1	0	0	0	0	0	0	1	0	0	0	1	2	2	2	0	0	0	0	0	0	0	0	0	0	0	0	
19	_260_@M01093:134:000000000-D893R:1:1101:17341:1645	productive	Homsap IGHV3-30*04 F, or Homsap IGHV3-30-3*03 F	106	84	80	4	2	0	0	1	0	0	1	2	0	1	1	26	11	8	3	2	0	0	1	0	0	0	2	0	1	0	12	8	8	0	0	0	0	0	0	0	0	0	0	0	0	17	17	17	0	0	0	0	0	0	0	0	0	0	0	0	10	8	8	0	0	0	0	0	0	0	0	0	0	0	0	39	38	37	1	0	0	0	0	0	0	1	0	0	0	1	2	2	2	0	0	0	0	0	0	0	0	0	0	0	0	
20	_262_@M01093:134:000000000-D893R:1:1101:15308:1652	productive	Homsap IGHV4-59*01 F	105 (106)	82 (83)	82	0 (1)	0	0	0	0	0	0	0 (1)	0	0	0	0 (1)	26	11	11	0	0	0	0	0	0	0	0	0	0	0	0	12	8	8	0	0	0	0	0	0	0	0	0	0	0	0	17	17	17	0	0	0	0	0	0	0	0	0	0	0	0	10	7	7	0	0	0	0	0	0	0	0	0	0	0	0	39	38	38	0	0	0	0	0	0	0	0	0	0	0	0	1 (2)	1 (2)	1	0 (1)	0	0	0	0	0	0	0 (1)	0	0	0	0 (1)	
21	_266_@M01093:134:000000000-D893R:1:1101:17820:1661	unproductive	Homsap IGHV5-51*01 F	106	84	83	1	0	0	0	0	0	0	1	0	0	0	1	26	11	11	0	0	0	0	0	0	0	0	0	0	0	0	12	8	8	0	0	0	0	0	0	0	0	0	0	0	0	17	17	17	0	0	0	0	0	0	0	0	0	0	0	0	10	8	8	0	0	0	0	0	0	0	0	0	0	0	0	39	38	38	0	0	0	0	0	0	0	0	0	0	0	0	2	2	1	1	0	0	0	0	0	0	1	0	0	0	1	
22	_269_@M01093:134:000000000-D893R:1:1101:18568:1664	productive	Homsap IGHV3-33*01 F, or Homsap IGHV3-33*06 F	106	84	79	5	3	0	0	1	1	0	0	3	0	2	0	26	11	8	3	2	0	0	1	0	0	0	2	0	1	0	12	8	7	1	0	0	0	0	1	0	0	0	0	1	0	17	17	17	0	0	0	0	0	0	0	0	0	0	0	0	10	8	8	0	0	0	0	0	0	0	0	0	0	0	0	39	38	38	0	0	0	0	0	0	0	0	0	0	0	0	2	2	1	1	1	0	0	0	0	0	0	1	0	0	0	
23	_275_@M01093:134:000000000-D893R:1:1101:18599:1676	unproductive	Homsap IGHV5-51*01 F	106	84	84	0	0	0	0	0	0	0	0	0	0	0	0	26	11	11	0	0	0	0	0	0	0	0	0	0	0	0	12	8	8	0	0	0	0	0	0	0	0	0	0	0	0	17	17	17	0	0	0	0	0	0	0	0	0	0	0	0	10	8	8	0	0	0	0	0	0	0	0	0	0	0	0	39	38	38	0	0	0	0	0	0	0	0	0	0	0	0	2	2	2	0	0	0	0	0	0	0	0	0	0	0	0	
24	>276_@M01093:134:000000000-D893R:1:1101:2478:16871	productive	Homsap IGHV3-30*04 F, or Homsap IGHV3-30-3*03 F	106	84	81	3	0	0	0	0	1	0	2	0	0	1	2	26	11	10	1	0	0	0	0	0	0	1	0	0	0	1	12	8	8	0	0	0	0	0	0	0	0	0	0	0	0	17	17	17	0	0	0	0	0	0	0	0	0	0	0	0	10	8	8	0	0	0	0	0	0	0	0	0	0	0	0	39	38	36	2	0	0	0	0	1	0	1	0	0	1	1	2	2	2	0	0	0	0	0	0	0	0	0	0	0	0	
25	_277_@M01093:134:000000000-D893R:1:1101:19303:1692	unproductive	Homsap IGHV4-34*01 F, or Homsap IGHV4-34*02 F	106	83	81	2	0	0	0	0	0	0	2	0	0	0	2	26	11	11	0	0	0	0	0	0	0	0	0	0	0	0	12	8	8	0	0	0	0	0	0	0	0	0	0	0	0	17	17	15	2	0	0	0	0	0	0	2	0	0	0	2	10	7	7	0	0	0	0	0	0	0	0	0	0	0	0	39	38	38	0	0	0	0	0	0	0	0	0	0	0	0	2	2	2	0	0	0	0	0	0	0	0	0	0	0	0	
26	_283_@M01093:134:000000000-D893R:1:1101:20616:1714	productive	Homsap IGHV3-33*01 F, or Homsap IGHV3-33*06 F	106	84	79	5	3	0	0	1	1	0	0	3	0	2	0	26	11	8	3	2	0	0	1	0	0	0	2	0	1	0	12	8	7	1	0	0	0	0	1	0	0	0	0	1	0	17	17	17	0	0	0	0	0	0	0	0	0	0	0	0	10	8	8	0	0	0	0	0	0	0	0	0	0	0	0	39	38	38	0	0	0	0	0	0	0	0	0	0	0	0	2	2	1	1	1	0	0	0	0	0	0	1	0	0	0	
27	_284_@M01093:134:000000000-D893R:1:1101:13244:1717	productive	Homsap IGHV3-30-3*01 F	106	84	59	25	2	0	6	2	7	1	7	2	6	10	7	26	11	9	2	0	0	1	0	0	0	1	0	1	0	1	12	8	3	5	0	0	1	1	2	0	1	0	1	3	1	17	17	14	3	0	0	0	0	1	1	1	0	0	2	1	10	8	4	4	0	0	0	1	0	0	3	0	0	1	3	39	38	29	9	1	0	3	0	4	0	1	1	3	4	1	2	2	0	2	1	0	1	0	0	0	0	1	1	0	0	
28	_285_@M01093:134:000000000-D893R:1:1101:18769:1718	productive	Homsap IGHV3-33*01 F, or Homsap IGHV3-33*06 F	106	84	78	6	3	0	0	1	1	0	1	3	0	2	1	26	11	8	3	2	0	0	1	0	0	0	2	0	1	0	12	8	6	2	0	0	0	0	1	0	1	0	0	1	1	17	17	17	0	0	0	0	0	0	0	0	0	0	0	0	10	8	8	0	0	0	0	0	0	0	0	0	0	0	0	39	38	38	0	0	0	0	0	0	0	0	0	0	0	0	2	2	1	1	1	0	0	0	0	0	0	1	0	0	0	
29	_288_@M01093:134:000000000-D893R:1:1101:21598:1728	productive	Homsap IGHV3-33*01 F, or Homsap IGHV3-33*06 F	106	84	81	3	1	0	0	0	1	0	1	1	0	1	1	26	11	10	1	0	0	0	0	0	0	1	0	0	0	1	12	8	7	1	0	0	0	0	1	0	0	0	0	1	0	17	17	17	0	0	0	0	0	0	0	0	0	0	0	0	10	8	8	0	0	0	0	0	0	0	0	0	0	0	0	39	38	38	0	0	0	0	0	0	0	0	0	0	0	0	2	2	1	1	1	0	0	0	0	0	0	1	0	0	0	
30	_294_@M01093:134:000000000-D893R:1:1101:18590:1737	productive	Homsap IGHV3-33*01 F, or Homsap IGHV3-33*06 F	106	84	81	3	1	0	0	0	1	0	1	1	0	1	1	26	11	10	1	0	0	0	0	0	0	1	0	0	0	1	12	8	7	1	0	0	0	0	1	0	0	0	0	1	0	17	17	17	0	0	0	0	0	0	0	0	0	0	0	0	10	8	8	0	0	0	0	0	0	0	0	0	0	0	0	39	38	38	0	0	0	0	0	0	0	0	0	0	0	0	2	2	1	1	1	0	0	0	0	0	0	1	0	0	0	
31	_296_@M01093:134:000000000-D893R:1:1101:18301:1747	productive	Homsap IGHV3-33*01 F, or Homsap IGHV3-33*06 F	106	84	79	5	3	0	0	1	1	0	0	3	0	2	0	26	11	8	3	2	0	0	1	0	0	0	2	0	1	0	12	8	7	1	0	0	0	0	1	0	0	0	0	1	0	17	17	17	0	0	0	0	0	0	0	0	0	0	0	0	10	8	8	0	0	0	0	0	0	0	0	0	0	0	0	39	38	38	0	0	0	0	0	0	0	0	0	0	0	0	2	2	1	1	1	0	0	0	0	0	0	1	0	0	0	
32	_202_@M01093:134:000000000-D893R:1:1101:20074:1414	unproductive	Homsap IGHV5-51*01 F, or Homsap IGHV5-51*03 F	106	84	81	3	2	0	0	0	0	0	1	2	0	0	1	26	11	8	3	2	0	0	0	0	0	1	2	0	0	1	12	8	8	0	0	0	0	0	0	0	0	0	0	0	0	17	17	17	0	0	0	0	0	0	0	0	0	0	0	0	10	8	8	0	0	0	0	0	0	0	0	0	0	0	0	39	38	38	0	0	0	0	0	0	0	0	0	0	0	0	2	2	2	0	0	0	0	0	0	0	0	0	0	0	0	
33	_209_@M01093:134:000000000-D893R:1:1101:18375:1432	productive	Homsap IGHV3-15*01 F, or Homsap IGHV3-15*02 F	106	86	84	2	0	0	0	0	0	0	2	0	0	0	2	26	11	11	0	0	0	0	0	0	0	0	0	0	0	0	12	8	8	0	0	0	0	0	0	0	0	0	0	0	0	17	17	17	0	0	0	0	0	0	0	0	0	0	0	0	10	10	8	2	0	0	0	0	0	0	2	0	0	0	2	39	38	38	0	0	0	0	0	0	0	0	0	0	0	0	2	2	2	0	0	0	0	0	0	0	0	0	0	0	0	
34	>210_@M01093:134:000000000-D893R:1:1101:6970:14413	productive	Homsap IGHV3-30*04 F, or Homsap IGHV3-30-3*03 F	106	84	79	5	2	0	0	2	0	0	1	2	0	2	1	26	11	8	3	2	0	0	1	0	0	0	2	0	1	0	12	8	8	0	0	0	0	0	0	0	0	0	0	0	0	17	17	17	0	0	0	0	0	0	0	0	0	0	0	0	10	8	8	0	0	0	0	0	0	0	0	0	0	0	0	39	38	36	2	0	0	0	1	0	0	1	0	0	1	1	2	2	2	0	0	0	0	0	0	0	0	0	0	0	0	
35	_216_@M01093:134:000000000-D893R:1:1101:18587:1467	productive	Homsap IGHV3-33*01 F, or Homsap IGHV3-33*06 F	106	84	80	4	1	0	0	0	1	0	2	1	0	1	2	26	11	9	2	0	0	0	0	0	0	2	0	0	0	2	12	8	7	1	0	0	0	0	1	0	0	0	0	1	0	17	17	17	0	0	0	0	0	0	0	0	0	0	0	0	10	8	8	0	0	0	0	0	0	0	0	0	0	0	0	39	38	38	0	0	0	0	0	0	0	0	0	0	0	0	2	2	1	1	1	0	0	0	0	0	0	1	0	0	0	
36	>221_@M01093:134:000000000-D893R:1:1101:4377:14844	unproductive	Homsap IGHV4-34*01 F, or Homsap IGHV4-34*02 F	106	83	79	4	0	1	0	1	1	0	1	0	1	2	1	26	11	11	0	0	0	0	0	0	0	0	0	0	0	0	12	8	8	0	0	0	0	0	0	0	0	0	0	0	0	17	17	13	4	0	1	0	1	1	0	1	0	1	2	1	10	7	7	0	0	0	0	0	0	0	0	0	0	0	0	39	38	38	0	0	0	0	0	0	0	0	0	0	0	0	2	2	2	0	0	0	0	0	0	0	0	0	0	0	0	
37	_224_@M01093:134:000000000-D893R:1:1101:20284:1490	productive	Homsap IGHV3-30*04 F, or Homsap IGHV3-30-3*03 F	106	84	80	4	0	0	0	0	1	0	3	0	0	1	3	26	11	10	1	0	0	0	0	0	0	1	0	0	0	1	12	8	7	1	0	0	0	0	0	0	1	0	0	0	1	17	17	17	0	0	0	0	0	0	0	0	0	0	0	0	10	8	8	0	0	0	0	0	0	0	0	0	0	0	0	39	38	36	2	0	0	0	0	1	0	1	0	0	1	1	2	2	2	0	0	0	0	0	0	0	0	0	0	0	0	
38	_226_@M01093:134:000000000-D893R:1:1101:15121:1498	unproductive	Homsap IGHV4-34*01 F, or Homsap IGHV4-34*02 F	106	83	82	1	0	0	0	0	1	0	0	0	0	1	0	26	11	11	0	0	0	0	0	0	0	0	0	0	0	0	12	8	8	0	0	0	0	0	0	0	0	0	0	0	0	17	17	17	0	0	0	0	0	0	0	0	0	0	0	0	10	7	7	0	0	0	0	0	0	0	0	0	0	0	0	39	38	37	1	0	0	0	0	1	0	0	0	0	1	0	2	2	2	0	0	0	0	0	0	0	0	0	0	0	0	
39	_233_@M01093:134:000000000-D893R:1:1101:24119:1546	productive	Homsap IGHV4-59*01 F	105 (106)	82 (83)	81	1 (2)	0	0	0	1	0	0	0 (1)	0	0	1	0 (1)	26	11	11	0	0	0	0	0	0	0	0	0	0	0	0	12	8	8	0	0	0	0	0	0	0	0	0	0	0	0	17	17	16	1	0	0	0	1	0	0	0	0	0	1	0	10	7	7	0	0	0	0	0	0	0	0	0	0	0	0	39	38	38	0	0	0	0	0	0	0	0	0	0	0	0	1 (2)	1 (2)	1	0 (1)	0	0	0	0	0	0	0 (1)	0	0	0	0 (1)	
40	_234_@M01093:134:000000000-D893R:1:1101:23062:1547	unproductive	Homsap IGHV3-33*01 F, or Homsap IGHV3-33*06 F	106	84	78	6	2	0	0	2	1	0	1	2	0	3	1	26	11	8	3	1	0	0	2	0	0	0	1	0	2	0	12	8	7	1	0	0	0	0	1	0	0	0	0	1	0	17	17	17	0	0	0	0	0	0	0	0	0	0	0	0	10	8	8	0	0	0	0	0	0	0	0	0	0	0	0	39	38	37	1	0	0	0	0	0	0	1	0	0	0	1	2	2	1	1	1	0	0	0	0	0	0	1	0	0	0	
41	_239_@M01093:134:000000000-D893R:1:1101:19225:1565	productive	Homsap IGHV3-33*01 F, or Homsap IGHV3-33*06 F	106	84	82	2	1	0	0	0	1	0	0	1	0	1	0	26	11	11	0	0	0	0	0	0	0	0	0	0	0	0	12	8	7	1	0	0	0	0	1	0	0	0	0	1	0	17	17	17	0	0	0	0	0	0	0	0	0	0	0	0	10	8	8	0	0	0	0	0	0	0	0	0	0	0	0	39	38	38	0	0	0	0	0	0	0	0	0	0	0	0	2	2	1	1	1	0	0	0	0	0	0	1	0	0	0	
42	_241_@M01093:134:000000000-D893R:1:1101:15679:1573	productive	Homsap IGHV3-30-3*01 F	106	84	60	24	2	0	6	2	6	1	7	2	6	9	7	26	11	9	2	0	0	1	0	0	0	1	0	1	0	1	12	8	3	5	0	0	1	1	2	0	1	0	1	3	1	17	17	15	2	0	0	0	0	0	1	1	0	0	1	1	10	8	4	4	0	0	0	1	0	0	3	0	0	1	3	39	38	29	9	1	0	3	0	4	0	1	1	3	4	1	2	2	0	2	1	0	1	0	0	0	0	1	1	0	0	
43	>242_@M01093:134:000000000-D893R:1:1101:4186:15768	unproductive	Homsap IGHV4-34*01 F, or Homsap IGHV4-34*02 F	106	83	73	10	0	2	3	0	2	0	3	0	5	2	3	26	11	6	5	0	0	2	0	1	0	2	0	2	1	2	12	8	8	0	0	0	0	0	0	0	0	0	0	0	0	17	17	12	5	0	2	1	0	1	0	1	0	3	1	1	10	7	7	0	0	0	0	0	0	0	0	0	0	0	0	39	38	38	0	0	0	0	0	0	0	0	0	0	0	0	2	2	2	0	0	0	0	0	0	0	0	0	0	0	0	
44	_246_@M01093:134:000000000-D893R:1:1101:20461:1603	productive	Homsap IGHV3-33*01 F, or Homsap IGHV3-33*06 F	106	84	81	3	1	0	0	0	1	0	1	1	0	1	1	26	11	10	1	0	0	0	0	0	0	1	0	0	0	1	12	8	7	1	0	0	0	0	1	0	0	0	0	1	0	17	17	17	0	0	0	0	0	0	0	0	0	0	0	0	10	8	8	0	0	0	0	0	0	0	0	0	0	0	0	39	38	38	0	0	0	0	0	0	0	0	0	0	0	0	2	2	1	1	1	0	0	0	0	0	0	1	0	0	0	
45	_247_@M01093:134:000000000-D893R:1:1101:20830:1605	productive	Homsap IGHV3-33*01 F, or Homsap IGHV3-33*06 F	106	84	80	4	1	0	0	0	2	0	1	1	0	2	1	26	11	10	1	0	0	0	0	0	0	1	0	0	0	1	12	8	7	1	0	0	0	0	1	0	0	0	0	1	0	17	17	17	0	0	0	0	0	0	0	0	0	0	0	0	10	8	8	0	0	0	0	0	0	0	0	0	0	0	0	39	38	37	1	0	0	0	0	1	0	0	0	0	1	0	2	2	1	1	1	0	0	0	0	0	0	1	0	0	0	
46	>249_@M01093:134:000000000-D893R:1:1101:6209:16081	unproductive	Homsap IGHV5-51*01 F, or Homsap IGHV5-51*07 F	106	84	76	8	1	2	2	0	1	0	2	1	4	1	2	26	11	8	3	1	0	0	0	0	0	2	1	0	0	2	12	8	8	0	0	0	0	0	0	0	0	0	0	0	0	17	17	12	5	0	2	2	0	1	0	0	0	4	1	0	10	8	8	0	0	0	0	0	0	0	0	0	0	0	0	39	38	38	0	0	0	0	0	0	0	0	0	0	0	0	2	2	2	0	0	0	0	0	0	0	0	0	0	0	0	
47	_350_@M01093:134:000000000-D893R:1:1101:20874:1871	productive	Homsap IGHV3-33*01 F, or Homsap IGHV3-33*06 F	106	84	76	8	1	0	0	1	3	0	3	1	0	4	3	26	11	8	3	0	0	0	0	1	0	2	0	0	1	2	12	8	6	2	0	0	0	0	1	0	1	0	0	1	1	17	17	15	2	0	0	0	1	1	0	0	0	0	2	0	10	8	8	0	0	0	0	0	0	0	0	0	0	0	0	39	38	38	0	0	0	0	0	0	0	0	0	0	0	0	2	2	1	1	1	0	0	0	0	0	0	1	0	0	0	
48	_360_@M01093:134:000000000-D893R:1:1101:23351:1900	productive	Homsap IGHV3-30-3*01 F	106	84	55	29	3	0	5	6	8	0	7	3	5	14	7	26	11	7	4	1	0	1	1	0	0	1	1	1	1	1	12	8	3	5	0	0	1	1	2	0	1	0	1	3	1	17	17	11	6	0	0	0	3	2	0	1	0	0	5	1	10	8	4	4	0	0	0	1	0	0	3	0	0	1	3	39	38	30	8	1	0	2	0	4	0	1	1	2	4	1	2	2	0	2	1	0	1	0	0	0	0	1	1	0	0	
49	_362_@M01093:134:000000000-D893R:1:1101:21157:1902	unproductive	Homsap IGHV4-34*01 F, or Homsap IGHV4-34*02 F	106	83	78	5	0	1	2	0	0	0	2	0	3	0	2	26	11	6	5	0	1	2	0	0	0	2	0	3	0	2	12	8	8	0	0	0	0	0	0	0	0	0	0	0	0	17	17	17	0	0	0	0	0	0	0	0	0	0	0	0	10	7	7	0	0	0	0	0	0	0	0	0	0	0	0	39	38	38	0	0	0	0	0	0	0	0	0	0	0	0	2	2	2	0	0	0	0	0	0	0	0	0	0	0	0	
50	_363_@M01093:134:000000000-D893R:1:1101:15658:1906	productive	Homsap IGHV3-30-3*01 F	106	85	61	24	2	0	5	2	6	0	9	2	5	8	9	26	12	10	2	0	0	1	0	0	0	1	0	1	0	1	12	8	3	5	0	0	1	1	2	0	1	0	1	3	1	17	17	15	2	0	0	0	0	0	0	2	0	0	0	2	10	8	4	4	0	0	0	1	0	0	3	0	0	1	3	39	38	29	9	1	0	2	0	4	0	2	1	2	4	2	2	2	0	2	1	0	1	0	0	0	0	1	1	0	0	
51	_365_@M01093:134:000000000-D893R:1:1101:13741:1915	productive	Homsap IGHV3-33*01 F, or Homsap IGHV3-33*06 F	106	84	78	6	2	0	1	1	1	0	1	2	1	2	1	26	11	10	1	0	0	0	0	0	0	1	0	0	0	1	12	8	7	1	0	0	0	0	1	0	0	0	0	1	0	17	17	16	1	0	0	1	0	0	0	0	0	1	0	0	10	8	6	2	1	0	0	1	0	0	0	1	0	1	0	39	38	38	0	0	0	0	0	0	0	0	0	0	0	0	2	2	1	1	1	0	0	0	0	0	0	1	0	0	0	
52	_379_@M01093:134:000000000-D893R:1:1101:18870:1959	productive	Homsap IGHV4-59*01 F	105 (106)	82 (83)	82	0 (1)	0	0	0	0	0	0	0 (1)	0	0	0	0 (1)	26	11	11	0	0	0	0	0	0	0	0	0	0	0	0	12	8	8	0	0	0	0	0	0	0	0	0	0	0	0	17	17	17	0	0	0	0	0	0	0	0	0	0	0	0	10	7	7	0	0	0	0	0	0	0	0	0	0	0	0	39	38	38	0	0	0	0	0	0	0	0	0	0	0	0	1 (2)	1 (2)	1	0 (1)	0	0	0	0	0	0	0 (1)	0	0	0	0 (1)	
53	_383_@M01093:134:000000000-D893R:1:1101:18443:1974	productive	Homsap IGHV4-59*01 F	105 (106)	82 (83)	82	0 (1)	0	0	0	0	0	0	0 (1)	0	0	0	0 (1)	26	11	11	0	0	0	0	0	0	0	0	0	0	0	0	12	8	8	0	0	0	0	0	0	0	0	0	0	0	0	17	17	17	0	0	0	0	0	0	0	0	0	0	0	0	10	7	7	0	0	0	0	0	0	0	0	0	0	0	0	39	38	38	0	0	0	0	0	0	0	0	0	0	0	0	1 (2)	1 (2)	1	0 (1)	0	0	0	0	0	0	0 (1)	0	0	0	0 (1)	
54	_386_@M01093:134:000000000-D893R:1:1101:17957:1980	productive	Homsap IGHV3-30*04 F, or Homsap IGHV3-30-3*03 F	106	84	81	3	0	0	0	0	0	0	3	0	0	0	3	26	11	9	2	0	0	0	0	0	0	2	0	0	0	2	12	8	8	0	0	0	0	0	0	0	0	0	0	0	0	17	17	17	0	0	0	0	0	0	0	0	0	0	0	0	10	8	8	0	0	0	0	0	0	0	0	0	0	0	0	39	38	37	1	0	0	0	0	0	0	1	0	0	0	1	2	2	2	0	0	0	0	0	0	0	0	0	0	0	0	
55	_389_@M01093:134:000000000-D893R:1:1101:23769:1994	productive	Homsap IGHV3-33*01 F, or Homsap IGHV3-33*06 F	106	84	77	7	1	0	1	1	2	0	2	1	1	3	2	26	11	9	2	0	0	0	0	0	0	2	0	0	0	2	12	8	7	1	0	0	0	0	1	0	0	0	0	1	0	17	17	14	3	0	0	1	1	1	0	0	0	1	2	0	10	8	8	0	0	0	0	0	0	0	0	0	0	0	0	39	38	38	0	0	0	0	0	0	0	0	0	0	0	0	2	2	1	1	1	0	0	0	0	0	0	1	0	0	0	
56	>390_@M01093:134:000000000-D893R:1:1101:5379:19954	productive	Homsap IGHV3-30*04 F, or Homsap IGHV3-30-3*03 F	106	84	76	8	0	2	1	0	1	1	3	0	3	2	3	26	11	9	2	0	0	0	0	0	1	1	0	0	1	1	12	8	8	0	0	0	0	0	0	0	0	0	0	0	0	17	17	12	5	0	2	1	0	1	0	1	0	3	1	1	10	8	8	0	0	0	0	0	0	0	0	0	0	0	0	39	38	37	1	0	0	0	0	0	0	1	0	0	0	1	2	2	2	0	0	0	0	0	0	0	0	0	0	0	0	
57	>55_@M01093:134:000000000-D893R:1:1101:19983:7024	productive	Homsap IGHV3-30*04 F, or Homsap IGHV3-30-3*03 F	106	84	72	12	0	1	1	3	2	0	5	0	2	5	5	26	11	9	2	0	0	0	0	0	0	2	0	0	0	2	12	8	8	0	0	0	0	0	0	0	0	0	0	0	0	17	17	10	7	0	1	1	2	2	0	1	0	2	4	1	10	8	8	0	0	0	0	0	0	0	0	0	0	0	0	39	38	35	3	0	0	0	1	0	0	2	0	0	1	2	2	2	2	0	0	0	0	0	0	0	0	0	0	0	0	
58	>57_@M01093:134:000000000-D893R:1:1101:25253:7157	productive	Homsap IGHV3-30-3*01 F	106	84	56	28	2	1	6	3	7	1	8	2	7	11	8	26	11	8	3	0	0	1	0	0	1	1	0	1	1	1	12	8	3	5	0	0	1	1	2	0	1	0	1	3	1	17	17	11	6	0	1	1	1	1	0	2	0	2	2	2	10	8	4	4	0	0	0	1	0	0	3	0	0	1	3	39	38	30	8	1	0	2	0	4	0	1	1	2	4	1	2	2	0	2	1	0	1	0	0	0	0	1	1	0	0	
59	>63_@M01093:134:000000000-D893R:1:1101:18301:7473	productive	Homsap IGHV4-59*01 F	105 (106)	82 (83)	74	8 (9)	0	1	2	1	1	0	3 (4)	0	3	2	3 (4)	26	11	6	5	0	1	2	0	0	0	2	0	3	0	2	12	8	8	0	0	0	0	0	0	0	0	0	0	0	0	17	17	15	2	0	0	0	1	1	0	0	0	0	2	0	10	7	6	1	0	0	0	0	0	0	1	0	0	0	1	39	38	38	0	0	0	0	0	0	0	0	0	0	0	0	1 (2)	1 (2)	1	0 (1)	0	0	0	0	0	0	0 (1)	0	0	0	0 (1)	
60	>66_@M01093:134:000000000-D893R:1:1101:19794:7591	productive	Homsap IGHV3-33*01 F, or Homsap IGHV3-33*06 F	106	84	77	7	2	0	0	1	2	1	1	2	0	4	1	26	11	8	3	1	0	0	0	0	1	1	1	0	1	1	12	8	7	1	0	0	0	0	1	0	0	0	0	1	0	17	17	15	2	0	0	0	1	1	0	0	0	0	2	0	10	8	8	0	0	0	0	0	0	0	0	0	0	0	0	39	38	38	0	0	0	0	0	0	0	0	0	0	0	0	2	2	1	1	1	0	0	0	0	0	0	1	0	0	0	
61	>69_@M01093:134:000000000-D893R:1:1101:22912:7655	unproductive	Homsap IGHV4-34*01 F, or Homsap IGHV4-34*02 F	106	83	77	6	0	0	2	1	1	0	2	0	2	2	2	26	11	11	0	0	0	0	0	0	0	0	0	0	0	0	12	8	8	0	0	0	0	0	0	0	0	0	0	0	0	17	17	13	4	0	0	1	1	1	0	1	0	1	2	1	10	7	6	1	0	0	0	0	0	0	1	0	0	0	1	39	38	37	1	0	0	1	0	0	0	0	0	1	0	0	2	2	2	0	0	0	0	0	0	0	0	0	0	0	0	
62	>72_@M01093:134:000000000-D893R:1:1101:26128:7865	unproductive	Homsap IGHV5-51*01 F, or Homsap IGHV5-51*03 F or Homsap IGHV5-51*07 F	106	84	74	10	1	3	2	0	1	0	3	1	5	1	3	26	11	8	3	1	0	0	0	0	0	2	1	0	0	2	12	8	8	0	0	0	0	0	0	0	0	0	0	0	0	17	17	10	7	0	3	2	0	1	0	1	0	5	1	1	10	8	8	0	0	0	0	0	0	0	0	0	0	0	0	39	38	38	0	0	0	0	0	0	0	0	0	0	0	0	2	2	2	0	0	0	0	0	0	0	0	0	0	0	0	
63	>80_@M01093:134:000000000-D893R:1:1101:21716:8497	unproductive	Homsap IGHV4-34*01 F, or Homsap IGHV4-34*02 F	106	83	78	5	0	0	1	2	1	0	1	0	1	3	1	26	11	11	0	0	0	0	0	0	0	0	0	0	0	0	12	8	8	0	0	0	0	0	0	0	0	0	0	0	0	17	17	12	5	0	0	1	2	1	0	1	0	1	3	1	10	7	7	0	0	0	0	0	0	0	0	0	0	0	0	39	38	38	0	0	0	0	0	0	0	0	0	0	0	0	2	2	2	0	0	0	0	0	0	0	0	0	0	0	0	
64	>81_@M01093:134:000000000-D893R:1:1101:16186:8510	unproductive	Homsap IGHV5-51*01 F, or Homsap IGHV5-51*03 F	106	83	77	6	0	1	2	1	0	0	2	0	3	1	2	26	10	6	4	0	0	2	1	0	0	1	0	2	1	1	12	8	8	0	0	0	0	0	0	0	0	0	0	0	0	17	17	15	2	0	1	0	0	0	0	1	0	1	0	1	10	8	8	0	0	0	0	0	0	0	0	0	0	0	0	39	38	38	0	0	0	0	0	0	0	0	0	0	0	0	2	2	2	0	0	0	0	0	0	0	0	0	0	0	0	
65	>82_@M01093:134:000000000-D893R:1:1101:23978:8515	productive	Homsap IGHV3-30-3*01 F	106	84	62	22	2	0	5	2	6	0	7	2	5	8	7	26	11	9	2	0	0	1	0	0	0	1	0	1	0	1	12	8	3	5	0	0	1	1	2	0	1	0	1	3	1	17	17	16	1	0	0	0	0	0	0	1	0	0	0	1	10	8	4	4	0	0	0	1	0	0	3	0	0	1	3	39	38	30	8	1	0	2	0	4	0	1	1	2	4	1	2	2	0	2	1	0	1	0	0	0	0	1	1	0	0	
66	>84_@M01093:134:000000000-D893R:1:1101:21145:8735	No results	
67	>85_@M01093:134:000000000-D893R:1:1101:18448:8789	unproductive	Homsap IGHV4-34*01 F, or Homsap IGHV4-34*02 F	106	83	77	6	0	3	1	0	1	0	1	0	4	1	1	26	11	11	0	0	0	0	0	0	0	0	0	0	0	0	12	8	8	0	0	0	0	0	0	0	0	0	0	0	0	17	17	13	4	0	1	1	0	1	0	1	0	2	1	1	10	7	7	0	0	0	0	0	0	0	0	0	0	0	0	39	38	36	2	0	2	0	0	0	0	0	0	2	0	0	2	2	2	0	0	0	0	0	0	0	0	0	0	0	0	
68	>88_@M01093:134:000000000-D893R:1:1101:5609:9110	productive	Homsap IGHV4-59*01 F	105 (106)	82 (83)	77	5 (6)	0	2	1	0	1	0	1 (2)	0	3	1	1 (2)	26	11	11	0	0	0	0	0	0	0	0	0	0	0	0	12	8	8	0	0	0	0	0	0	0	0	0	0	0	0	17	17	13	4	0	2	1	0	1	0	0	0	3	1	0	10	7	6	1	0	0	0	0	0	0	1	0	0	0	1	39	38	38	0	0	0	0	0	0	0	0	0	0	0	0	1 (2)	1 (2)	1	0 (1)	0	0	0	0	0	0	0 (1)	0	0	0	0 (1)	
69	>90_@M01093:134:000000000-D893R:1:1101:15397:9170	productive	Homsap IGHV3-33*01 F, or Homsap IGHV3-33*06 F	106	84	77	7	1	0	2	0	1	0	3	1	2	1	3	26	11	10	1	0	0	0	0	0	0	1	0	0	0	1	12	8	7	1	0	0	0	0	1	0	0	0	0	1	0	17	17	15	2	0	0	1	0	0	0	1	0	1	0	1	10	8	8	0	0	0	0	0	0	0	0	0	0	0	0	39	38	37	1	0	0	0	0	0	0	1	0	0	0	1	2	2	0	2	1	0	1	0	0	0	0	1	1	0	0	
70	>92_@M01093:134:000000000-D893R:1:1101:22596:9381	productive	Homsap IGHV3-33*01 F, or Homsap IGHV3-33*06 F	106	84	74	10	2	0	0	3	2	0	3	2	0	5	3	26	11	6	5	1	0	0	2	0	0	2	1	0	2	2	12	8	7	1	0	0	0	0	1	0	0	0	0	1	0	17	17	14	3	0	0	0	1	1	0	1	0	0	2	1	10	8	8	0	0	0	0	0	0	0	0	0	0	0	0	39	38	38	0	0	0	0	0	0	0	0	0	0	0	0	2	2	1	1	1	0	0	0	0	0	0	1	0	0	0	
71	>97_@M01093:134:000000000-D893R:1:1101:19122:9764	productive	Homsap IGHV3-33*01 F, or Homsap IGHV3-33*06 F	106	84	80	4	1	0	0	0	1	0	2	1	0	1	2	26	11	9	2	0	0	0	0	0	0	2	0	0	0	2	12	8	7	1	0	0	0	0	1	0	0	0	0	1	0	17	17	17	0	0	0	0	0	0	0	0	0	0	0	0	10	8	8	0	0	0	0	0	0	0	0	0	0	0	0	39	38	38	0	0	0	0	0	0	0	0	0	0	0	0	2	2	1	1	1	0	0	0	0	0	0	1	0	0	0	
72	_150_@M01093:134:000000000-D893R:1:1101:21149:1253	unproductive	Homsap IGHV4-34*01 F, or Homsap IGHV4-34*02 F	106	83	81	2	0	2	0	0	0	0	0	0	2	0	0	26	11	10	1	0	1	0	0	0	0	0	0	1	0	0	12	8	8	0	0	0	0	0	0	0	0	0	0	0	0	17	17	16	1	0	1	0	0	0	0	0	0	1	0	0	10	7	7	0	0	0	0	0	0	0	0	0	0	0	0	39	38	38	0	0	0	0	0	0	0	0	0	0	0	0	2	2	2	0	0	0	0	0	0	0	0	0	0	0	0	
73	_161_@M01093:134:000000000-D893R:1:1101:25955:1281	productive	Homsap IGHV3-33*01 F, or Homsap IGHV3-33*06 F	106	84	79	5	3	0	0	1	1	0	0	3	0	2	0	26	11	8	3	2	0	0	1	0	0	0	2	0	1	0	12	8	7	1	0	0	0	0	1	0	0	0	0	1	0	17	17	17	0	0	0	0	0	0	0	0	0	0	0	0	10	8	8	0	0	0	0	0	0	0	0	0	0	0	0	39	38	38	0	0	0	0	0	0	0	0	0	0	0	0	2	2	1	1	1	0	0	0	0	0	0	1	0	0	0	
74	_169_@M01093:134:000000000-D893R:1:1101:20740:1301	unproductive	Homsap IGHV4-34*01 F, or Homsap IGHV4-34*02 F	106	83	78	5	0	1	2	0	0	0	2	0	3	0	2	26	11	6	5	0	1	2	0	0	0	2	0	3	0	2	12	8	8	0	0	0	0	0	0	0	0	0	0	0	0	17	17	17	0	0	0	0	0	0	0	0	0	0	0	0	10	7	7	0	0	0	0	0	0	0	0	0	0	0	0	39	38	38	0	0	0	0	0	0	0	0	0	0	0	0	2	2	2	0	0	0	0	0	0	0	0	0	0	0	0	
75	_170_@M01093:134:000000000-D893R:1:1101:23189:1303	productive	Homsap IGHV3-30*04 F, or Homsap IGHV3-30-3*03 F	106	84	80	4	0	0	0	0	1	0	3	0	0	1	3	26	11	10	1	0	0	0	0	0	0	1	0	0	0	1	12	8	8	0	0	0	0	0	0	0	0	0	0	0	0	17	17	15	2	0	0	0	0	1	0	1	0	0	1	1	10	8	8	0	0	0	0	0	0	0	0	0	0	0	0	39	38	37	1	0	0	0	0	0	0	1	0	0	0	1	2	2	2	0	0	0	0	0	0	0	0	0	0	0	0	
76	_171_@M01093:134:000000000-D893R:1:1101:19168:1304	productive	Homsap IGHV3-15*01 F, or Homsap IGHV3-15*02 F	106	86	84	2	0	0	0	1	0	0	1	0	0	1	1	26	11	11	0	0	0	0	0	0	0	0	0	0	0	0	12	8	8	0	0	0	0	0	0	0	0	0	0	0	0	17	17	16	1	0	0	0	1	0	0	0	0	0	1	0	10	10	9	1	0	0	0	0	0	0	1	0	0	0	1	39	38	38	0	0	0	0	0	0	0	0	0	0	0	0	2	2	2	0	0	0	0	0	0	0	0	0	0	0	0	
77	>172_@M01093:134:000000000-D893R:1:1101:3490:13063	No results	
78	_175_@M01093:134:000000000-D893R:1:1101:19374:1317	productive	Homsap IGHV4-59*01 F	105 (106)	82 (83)	82	0 (1)	0	0	0	0	0	0	0 (1)	0	0	0	0 (1)	26	11	11	0	0	0	0	0	0	0	0	0	0	0	0	12	8	8	0	0	0	0	0	0	0	0	0	0	0	0	17	17	17	0	0	0	0	0	0	0	0	0	0	0	0	10	7	7	0	0	0	0	0	0	0	0	0	0	0	0	39	38	38	0	0	0	0	0	0	0	0	0	0	0	0	1 (2)	1 (2)	1	0 (1)	0	0	0	0	0	0	0 (1)	0	0	0	0 (1)	
79	_184_@M01093:134:000000000-D893R:1:1101:20533:1341	productive	Homsap IGHV3-30-3*01 F	106	84	61	23	3	0	4	5	6	0	5	3	4	11	5	26	11	8	3	1	0	1	1	0	0	0	1	1	1	0	12	8	3	5	0	0	1	1	2	0	1	0	1	3	1	17	17	16	1	0	0	0	1	0	0	0	0	0	1	0	10	8	4	4	0	0	0	1	0	0	3	0	0	1	3	39	38	30	8	1	0	2	0	4	0	1	1	2	4	1	2	2	0	2	1	0	0	1	0	0	0	1	0	1	0	
80	_188_@M01093:134:000000000-D893R:1:1101:17209:1367	productive	Homsap IGHV3-30*04 F, or Homsap IGHV3-30-3*03 F	106	84	80	4	2	0	0	1	0	0	1	2	0	1	1	26	11	8	3	2	0	0	1	0	0	0	2	0	1	0	12	8	8	0	0	0	0	0	0	0	0	0	0	0	0	17	17	17	0	0	0	0	0	0	0	0	0	0	0	0	10	8	8	0	0	0	0	0	0	0	0	0	0	0	0	39	38	37	1	0	0	0	0	0	0	1	0	0	0	1	2	2	2	0	0	0	0	0	0	0	0	0	0	0	0	
81	_189_@M01093:134:000000000-D893R:1:1101:20971:1368	unproductive	Homsap IGHV4-34*01 F, or Homsap IGHV4-34*02 F	105 (106)	82 (83)	77 (78)	5	0	1	2	0	0	0	2	0	3	0	2	26	11	6	5	0	1	2	0	0	0	2	0	3	0	2	12	8	8	0	0	0	0	0	0	0	0	0	0	0	0	17	17	17	0	0	0	0	0	0	0	0	0	0	0	0	10	7	7	0	0	0	0	0	0	0	0	0	0	0	0	39	38	38	0	0	0	0	0	0	0	0	0	0	0	0	1 (2)	1 (2)	1 (2)	0	0	0	0	0	0	0	0	0	0	0	0	
82	_190_@M01093:134:000000000-D893R:1:1101:21417:1370	productive	Homsap IGHV3-33*01 F, or Homsap IGHV3-33*06 F	106	84	79	5	3	0	0	1	1	0	0	3	0	2	0	26	11	8	3	2	0	0	1	0	0	0	2	0	1	0	12	8	7	1	0	0	0	0	1	0	0	0	0	1	0	17	17	17	0	0	0	0	0	0	0	0	0	0	0	0	10	8	8	0	0	0	0	0	0	0	0	0	0	0	0	39	38	38	0	0	0	0	0	0	0	0	0	0	0	0	2	2	1	1	1	0	0	0	0	0	0	1	0	0	0	
83	>191_@M01093:134:000000000-D893R:1:1101:3346:13741	productive	Homsap IGHV3-33*01 F, or Homsap IGHV3-33*06 F	106	84	76	8	1	1	0	0	3	1	2	1	1	4	2	26	11	8	3	0	0	0	0	1	1	1	0	0	2	1	12	8	7	1	0	0	0	0	1	0	0	0	0	1	0	17	17	14	3	0	1	0	0	1	0	1	0	1	1	1	10	8	8	0	0	0	0	0	0	0	0	0	0	0	0	39	38	38	0	0	0	0	0	0	0	0	0	0	0	0	2	2	1	1	1	0	0	0	0	0	0	1	0	0	0	
84	_197_@M01093:134:000000000-D893R:1:1101:20067:1396	No results	
85	_199_@M01093:134:000000000-D893R:1:1101:28841:1400	No results	
86	_304_@M01093:134:000000000-D893R:1:1101:18315:1764	productive	Homsap IGHV3-33*01 F, or Homsap IGHV3-33*06 F	106	84	78	6	3	0	0	1	1	0	1	3	0	2	1	26	11	8	3	2	0	0	1	0	0	0	2	0	1	0	12	8	7	1	0	0	0	0	1	0	0	0	0	1	0	17	17	17	0	0	0	0	0	0	0	0	0	0	0	0	10	8	8	0	0	0	0	0	0	0	0	0	0	0	0	39	38	37	1	0	0	0	0	0	0	1	0	0	0	1	2	2	1	1	1	0	0	0	0	0	0	1	0	0	0	
87	_308_@M01093:134:000000000-D893R:1:1101:15564:1775	unproductive	Homsap IGHV4-34*01 F, or Homsap IGHV4-34*02 F	106	83	79	4	0	2	0	0	1	0	1	0	2	1	1	26	11	9	2	0	1	0	0	0	0	1	0	1	0	1	12	8	8	0	0	0	0	0	0	0	0	0	0	0	0	17	17	17	0	0	0	0	0	0	0	0	0	0	0	0	10	7	6	1	0	1	0	0	0	0	0	0	1	0	0	39	38	37	1	0	0	0	0	1	0	0	0	0	1	0	2	2	2	0	0	0	0	0	0	0	0	0	0	0	0	
88	_310_@M01093:134:000000000-D893R:1:1101:16368:1777	productive	Homsap IGHV3-33*01 F, or Homsap IGHV3-33*06 F	106	84	77	7	2	0	0	0	1	0	4	2	0	1	4	26	11	10	1	0	0	0	0	0	0	1	0	0	0	1	12	8	7	1	0	0	0	0	1	0	0	0	0	1	0	17	17	15	2	1	0	0	0	0	0	1	1	0	0	1	10	8	8	0	0	0	0	0	0	0	0	0	0	0	0	39	38	36	2	0	0	0	0	0	0	2	0	0	0	2	2	2	1	1	1	0	0	0	0	0	0	1	0	0	0	
89	_316_@M01093:134:000000000-D893R:1:1101:20165:1787	unproductive	Homsap IGHV5-51*01 F, or Homsap IGHV5-51*03 F	106	83	80	3	0	0	2	0	0	0	1	0	2	0	1	26	10	7	3	0	0	2	0	0	0	1	0	2	0	1	12	8	8	0	0	0	0	0	0	0	0	0	0	0	0	17	17	17	0	0	0	0	0	0	0	0	0	0	0	0	10	8	8	0	0	0	0	0	0	0	0	0	0	0	0	39	38	38	0	0	0	0	0	0	0	0	0	0	0	0	2	2	2	0	0	0	0	0	0	0	0	0	0	0	0	
90	_322_@M01093:134:000000000-D893R:1:1101:18980:1797	unproductive	Homsap IGHV4-34*01 F, or Homsap IGHV4-34*02 F	106	83	78	5	0	1	2	0	0	0	2	0	3	0	2	26	11	6	5	0	1	2	0	0	0	2	0	3	0	2	12	8	8	0	0	0	0	0	0	0	0	0	0	0	0	17	17	17	0	0	0	0	0	0	0	0	0	0	0	0	10	7	7	0	0	0	0	0	0	0	0	0	0	0	0	39	38	38	0	0	0	0	0	0	0	0	0	0	0	0	2	2	2	0	0	0	0	0	0	0	0	0	0	0	0	
91	>328_@M01093:134:000000000-D893R:1:1101:3270:18138	unproductive	Homsap IGHV4-34*01 F, or Homsap IGHV4-34*02 F	106	83	79	4	0	2	1	0	0	0	1	0	3	0	1	26	11	11	0	0	0	0	0	0	0	0	0	0	0	0	12	8	8	0	0	0	0	0	0	0	0	0	0	0	0	17	17	13	4	0	2	1	0	0	0	1	0	3	0	1	10	7	7	0	0	0	0	0	0	0	0	0	0	0	0	39	38	38	0	0	0	0	0	0	0	0	0	0	0	0	2	2	2	0	0	0	0	0	0	0	0	0	0	0	0	
92	>333_@M01093:134:000000000-D893R:1:1101:2645:18307	unproductive	Homsap IGHV4-34*01 F, or Homsap IGHV4-34*02 F	106	83	77	6	0	2	1	0	1	0	2	0	3	1	2	26	11	11	0	0	0	0	0	0	0	0	0	0	0	0	12	8	8	0	0	0	0	0	0	0	0	0	0	0	0	17	17	11	6	0	2	1	0	1	0	2	0	3	1	2	10	7	7	0	0	0	0	0	0	0	0	0	0	0	0	39	38	38	0	0	0	0	0	0	0	0	0	0	0	0	2	2	2	0	0	0	0	0	0	0	0	0	0	0	0	
93	_337_@M01093:134:000000000-D893R:1:1101:20393:1844	productive	Homsap IGHV3-33*01 F, or Homsap IGHV3-33*06 F	106	84	79	5	1	0	0	0	1	0	3	1	0	1	3	26	11	10	1	0	0	0	0	0	0	1	0	0	0	1	12	8	7	1	0	0	0	0	1	0	0	0	0	1	0	17	17	17	0	0	0	0	0	0	0	0	0	0	0	0	10	8	8	0	0	0	0	0	0	0	0	0	0	0	0	39	38	36	2	0	0	0	0	0	0	2	0	0	0	2	2	2	1	1	1	0	0	0	0	0	0	1	0	0	0	
94	_339_@M01093:134:000000000-D893R:1:1101:26674:1846	productive	Homsap IGHV3-33*01 F, or Homsap IGHV3-33*06 F	106	84	74	10	1	1	1	2	2	0	3	1	2	4	3	26	11	9	2	0	0	0	0	0	0	2	0	0	0	2	12	8	7	1	0	0	0	0	1	0	0	0	0	1	0	17	17	11	6	0	1	1	2	1	0	1	0	2	3	1	10	8	8	0	0	0	0	0	0	0	0	0	0	0	0	39	38	38	0	0	0	0	0	0	0	0	0	0	0	0	2	2	1	1	1	0	0	0	0	0	0	1	0	0	0	
95	_341_@M01093:134:000000000-D893R:1:1101:25614:1848	No results	
96	_345_@M01093:134:000000000-D893R:1:1101:16284:1863	unproductive	Homsap IGHV5-51*01 F, or Homsap IGHV5-51*03 F	106	84	81	3	2	0	0	0	0	0	1	2	0	0	1	26	11	8	3	2	0	0	0	0	0	1	2	0	0	1	12	8	8	0	0	0	0	0	0	0	0	0	0	0	0	17	17	17	0	0	0	0	0	0	0	0	0	0	0	0	10	8	8	0	0	0	0	0	0	0	0	0	0	0	0	39	38	38	0	0	0	0	0	0	0	0	0	0	0	0	2	2	2	0	0	0	0	0	0	0	0	0	0	0	0	
97	_346_@M01093:134:000000000-D893R:1:1101:23498:1863	unproductive	Homsap IGHV4-34*01 F, or Homsap IGHV4-34*02 F	106	83	75	8	0	0	2	1	1	0	4	0	2	2	4	26	11	6	5	0	0	2	1	0	0	2	0	2	1	2	12	8	8	0	0	0	0	0	0	0	0	0	0	0	0	17	17	15	2	0	0	0	0	1	0	1	0	0	1	1	10	7	6	1	0	0	0	0	0	0	1	0	0	0	1	39	38	38	0	0	0	0	0	0	0	0	0	0	0	0	2	2	2	0	0	0	0	0	0	0	0	0	0	0	0	
98	_506_@M01093:134:000000000-D893R:1:1101:18850:2640	productive	Homsap IGHV3-15*01 F, or Homsap IGHV3-15*02 F	106	86	78	8	0	2	1	0	2	0	3	0	3	2	3	26	11	8	3	0	0	0	0	1	0	2	0	0	1	2	12	8	8	0	0	0	0	0	0	0	0	0	0	0	0	17	17	13	4	0	2	1	0	1	0	0	0	3	1	0	10	10	9	1	0	0	0	0	0	0	1	0	0	0	1	39	38	38	0	0	0	0	0	0	0	0	0	0	0	0	2	2	2	0	0	0	0	0	0	0	0	0	0	0	0	
99	_507_@M01093:134:000000000-D893R:1:1101:22016:2641	productive	Homsap IGHV3-30*04 F, or Homsap IGHV3-30-3*03 F	106	84	77	7	0	1	0	1	1	0	4	0	1	2	4	26	11	10	1	0	0	0	0	0	0	1	0	0	0	1	12	8	8	0	0	0	0	0	0	0	0	0	0	0	0	17	17	12	5	0	1	0	1	1	0	2	0	1	2	2	10	8	8	0	0	0	0	0	0	0	0	0	0	0	0	39	38	37	1	0	0	0	0	0	0	1	0	0	0	1	2	2	2	0	0	0	0	0	0	0	0	0	0	0	0	
100	>548_@M01093:134:000000000-D893R:1:1102:22231:4562	productive	Homsap IGHV3-30*04 F, or Homsap IGHV3-30-3*03 F	106	84	80	4	2	0	0	1	0	0	1	2	0	1	1	26	11	8	3	2	0	0	1	0	0	0	2	0	1	0	12	8	8	0	0	0	0	0	0	0	0	0	0	0	0	17	17	17	0	0	0	0	0	0	0	0	0	0	0	0	10	8	8	0	0	0	0	0	0	0	0	0	0	0	0	39	38	37	1	0	0	0	0	0	0	1	0	0	0	1	2	2	2	0	0	0	0	0	0	0	0	0	0	0	0	
101	_400_@M01093:134:000000000-D893R:1:1101:22941:2009	productive	Homsap IGHV3-30-3*01 F	106	84	59	25	4	1	5	3	6	0	6	4	6	9	6	26	11	7	4	2	0	1	1	0	0	0	2	1	1	0	12	8	3	5	0	0	1	1	2	0	1	0	1	3	1	17	17	16	1	0	0	0	0	0	0	1	0	0	0	1	10	8	4	4	0	0	0	1	0	0	3	0	0	1	3	39	38	29	9	1	1	2	0	4	0	1	1	3	4	1	2	2	0	2	1	0	1	0	0	0	0	1	1	0	0	
102	_414_@M01093:134:000000000-D893R:1:1101:19806:2069	productive	Homsap IGHV3-33*01 F, or Homsap IGHV3-33*06 F	106	84	79	5	3	0	0	1	1	0	0	3	0	2	0	26	11	8	3	2	0	0	1	0	0	0	2	0	1	0	12	8	7	1	0	0	0	0	1	0	0	0	0	1	0	17	17	17	0	0	0	0	0	0	0	0	0	0	0	0	10	8	8	0	0	0	0	0	0	0	0	0	0	0	0	39	38	38	0	0	0	0	0	0	0	0	0	0	0	0	2	2	1	1	1	0	0	0	0	0	0	1	0	0	0	
103	_416_@M01093:134:000000000-D893R:1:1101:19977:2083	unproductive	Homsap IGHV3-7*01 F	106	84	76	8	0	1	1	3	2	0	1	0	2	5	1	26	11	9	2	0	0	0	0	1	0	1	0	0	1	1	12	8	8	0	0	0	0	0	0	0	0	0	0	0	0	17	17	11	6	0	1	1	3	1	0	0	0	2	4	0	10	8	8	0	0	0	0	0	0	0	0	0	0	0	0	39	38	38	0	0	0	0	0	0	0	0	0	0	0	0	2	2	2	0	0	0	0	0	0	0	0	0	0	0	0	
104	>418_@M01093:134:000000000-D893R:1:1101:4737:20923	productive	Homsap IGHV3-33*01 F, or Homsap IGHV3-33*06 F	106	84	74	10	1	0	1	3	2	0	3	1	1	5	3	26	11	9	2	0	0	0	0	0	0	2	0	0	0	2	12	8	6	2	0	0	0	1	1	0	0	0	0	2	0	17	17	12	5	0	0	1	2	1	0	1	0	1	3	1	10	8	8	0	0	0	0	0	0	0	0	0	0	0	0	39	38	38	0	0	0	0	0	0	0	0	0	0	0	0	2	2	1	1	1	0	0	0	0	0	0	1	0	0	0	
105	_424_@M01093:134:000000000-D893R:1:1101:26792:2113	productive	Homsap IGHV3-30-3*01 F	106	84	51	33	2	2	6	6	7	0	10	2	8	13	10	26	11	8	3	0	0	1	0	0	0	2	0	1	0	2	12	8	3	5	0	0	1	2	1	0	1	0	1	3	1	17	17	8	9	0	1	1	3	2	0	2	0	2	5	2	10	8	2	6	0	1	0	1	0	0	4	0	1	1	4	39	38	30	8	1	0	2	0	4	0	1	1	2	4	1	2	2	0	2	1	0	1	0	0	0	0	1	1	0	0	
106	_436_@M01093:134:000000000-D893R:1:1101:26171:2170	productive	Homsap IGHV3-30*04 F, or Homsap IGHV3-30-3*03 F	106	84	73	11	0	1	0	2	3	0	5	0	1	5	5	26	11	6	5	0	0	0	0	2	0	3	0	0	2	3	12	8	7	1	0	0	0	1	0	0	0	0	0	1	0	17	17	13	4	0	1	0	1	1	0	1	0	1	2	1	10	8	8	0	0	0	0	0	0	0	0	0	0	0	0	39	38	37	1	0	0	0	0	0	0	1	0	0	0	1	2	2	2	0	0	0	0	0	0	0	0	0	0	0	0	
107	_437_@M01093:134:000000000-D893R:1:1101:23395:2174	productive	Homsap IGHV3-15*01 F, or Homsap IGHV3-15*02 F	106	86	75	11	0	1	1	1	2	0	6	0	2	3	6	26	11	7	4	0	0	0	0	1	0	3	0	0	1	3	12	8	8	0	0	0	0	0	0	0	0	0	0	0	0	17	17	13	4	0	1	1	1	1	0	0	0	2	2	0	10	10	7	3	0	0	0	0	0	0	3	0	0	0	3	39	38	38	0	0	0	0	0	0	0	0	0	0	0	0	2	2	2	0	0	0	0	0	0	0	0	0	0	0	0	
108	_441_@M01093:134:000000000-D893R:1:1101:23540:2184	productive	Homsap IGHV3-33*01 F, or Homsap IGHV3-33*06 F	106	84	76	8	2	0	0	2	2	0	2	2	0	4	2	26	11	7	4	1	0	0	1	0	0	2	1	0	1	2	12	8	7	1	0	0	0	0	1	0	0	0	0	1	0	17	17	15	2	0	0	0	1	1	0	0	0	0	2	0	10	8	8	0	0	0	0	0	0	0	0	0	0	0	0	39	38	38	0	0	0	0	0	0	0	0	0	0	0	0	2	2	1	1	1	0	0	0	0	0	0	1	0	0	0	
109	_444_@M01093:134:000000000-D893R:1:1101:19020:2224	productive	Homsap IGHV4-59*01 F	105 (106)	82 (83)	82	0 (1)	0	0	0	0	0	0	0 (1)	0	0	0	0 (1)	26	11	11	0	0	0	0	0	0	0	0	0	0	0	0	12	8	8	0	0	0	0	0	0	0	0	0	0	0	0	17	17	17	0	0	0	0	0	0	0	0	0	0	0	0	10	7	7	0	0	0	0	0	0	0	0	0	0	0	0	39	38	38	0	0	0	0	0	0	0	0	0	0	0	0	1 (2)	1 (2)	1	0 (1)	0	0	0	0	0	0	0 (1)	0	0	0	0 (1)	
110	>553_@M01093:134:000000000-D893R:1:1102:23373:4723	unproductive	Homsap IGHV5-51*01 F	106	84	84	0	0	0	0	0	0	0	0	0	0	0	0	26	11	11	0	0	0	0	0	0	0	0	0	0	0	0	12	8	8	0	0	0	0	0	0	0	0	0	0	0	0	17	17	17	0	0	0	0	0	0	0	0	0	0	0	0	10	8	8	0	0	0	0	0	0	0	0	0	0	0	0	39	38	38	0	0	0	0	0	0	0	0	0	0	0	0	2	2	2	0	0	0	0	0	0	0	0	0	0	0	0	
111	>564_@M01093:134:000000000-D893R:1:1102:19308:5741	unproductive	Homsap IGHV4-34*01 F, or Homsap IGHV4-34*02 F	106	83	81	2	0	1	0	0	1	0	0	0	1	1	0	26	11	10	1	0	1	0	0	0	0	0	0	1	0	0	12	8	8	0	0	0	0	0	0	0	0	0	0	0	0	17	17	17	0	0	0	0	0	0	0	0	0	0	0	0	10	7	7	0	0	0	0	0	0	0	0	0	0	0	0	39	38	37	1	0	0	0	0	1	0	0	0	0	1	0	2	2	2	0	0	0	0	0	0	0	0	0	0	0	0	
112	>579_@M01093:134:000000000-D893R:1:1102:16794:6602	unproductive	Homsap IGHV5-51*01 F, or Homsap IGHV5-51*03 F	106	83	79	4	0	0	2	0	0	0	2	0	2	0	2	26	10	7	3	0	0	2	0	0	0	1	0	2	0	1	12	8	8	0	0	0	0	0	0	0	0	0	0	0	0	17	17	17	0	0	0	0	0	0	0	0	0	0	0	0	10	8	8	0	0	0	0	0	0	0	0	0	0	0	0	39	38	37	1	0	0	0	0	0	0	1	0	0	0	1	2	2	2	0	0	0	0	0	0	0	0	0	0	0	0	
113	>586_@M01093:134:000000000-D893R:1:1102:21265:6846	unproductive	Homsap IGHV4-34*01 F, or Homsap IGHV4-34*02 F	106	83	81	2	0	0	0	2	0	0	0	0	0	2	0	26	11	11	0	0	0	0	0	0	0	0	0	0	0	0	12	8	8	0	0	0	0	0	0	0	0	0	0	0	0	17	17	16	1	0	0	0	1	0	0	0	0	0	1	0	10	7	7	0	0	0	0	0	0	0	0	0	0	0	0	39	38	37	1	0	0	0	1	0	0	0	0	0	1	0	2	2	2	0	0	0	0	0	0	0	0	0	0	0	0	
114	>587_@M01093:134:000000000-D893R:1:1102:18453:6977	unproductive	Homsap IGHV4-34*01 F, or Homsap IGHV4-34*02 F or Homsap IGHV4-34*06 F	106	83	82	1	0	0	0	0	0	0	1	0	0	0	1	26	11	11	0	0	0	0	0	0	0	0	0	0	0	0	12	8	8	0	0	0	0	0	0	0	0	0	0	0	0	17	17	17	0	0	0	0	0	0	0	0	0	0	0	0	10	7	7	0	0	0	0	0	0	0	0	0	0	0	0	39	38	37	1	0	0	0	0	0	0	1	0	0	0	1	2	2	2	0	0	0	0	0	0	0	0	0	0	0	0	
115	>592_@M01093:134:000000000-D893R:1:1102:19623:7239	productive	Homsap IGHV3-15*01 F, or Homsap IGHV3-15*02 F	106	86	82	4	2	0	0	0	0	0	2	2	0	0	2	26	11	8	3	2	0	0	0	0	0	1	2	0	0	1	12	8	8	0	0	0	0	0	0	0	0	0	0	0	0	17	17	17	0	0	0	0	0	0	0	0	0	0	0	0	10	10	9	1	0	0	0	0	0	0	1	0	0	0	1	39	38	38	0	0	0	0	0	0	0	0	0	0	0	0	2	2	2	0	0	0	0	0	0	0	0	0	0	0	0	
116	>598_@M01093:134:000000000-D893R:1:1102:25212:7565	No results	
117	_463_@M01093:134:000000000-D893R:1:1101:20803:2303	unproductive	Homsap IGHV4-34*01 F, or Homsap IGHV4-34*02 F	106	83	77	6	0	2	2	1	0	0	1	0	4	1	1	26	11	11	0	0	0	0	0	0	0	0	0	0	0	0	12	8	8	0	0	0	0	0	0	0	0	0	0	0	0	17	17	13	4	0	1	1	1	0	0	1	0	2	1	1	10	7	7	0	0	0	0	0	0	0	0	0	0	0	0	39	38	36	2	0	1	1	0	0	0	0	0	2	0	0	2	2	2	0	0	0	0	0	0	0	0	0	0	0	0	
118	>470_@M01093:134:000000000-D893R:1:1101:6062:23400	productive	Homsap IGHV3-33*01 F, or Homsap IGHV3-33*06 F	106	84	75	9	1	1	1	1	2	0	3	1	2	3	3	26	11	9	2	0	0	0	0	0	0	2	0	0	0	2	12	8	7	1	0	0	0	0	1	0	0	0	0	1	0	17	17	12	5	0	1	1	1	1	0	1	0	2	2	1	10	8	8	0	0	0	0	0	0	0	0	0	0	0	0	39	38	38	0	0	0	0	0	0	0	0	0	0	0	0	2	2	1	1	1	0	0	0	0	0	0	1	0	0	0	
119	_471_@M01093:134:000000000-D893R:1:1101:25498:2352	unproductive	Homsap IGHV4-34*01 F, or Homsap IGHV4-34*02 F	106	83	83	0	0	0	0	0	0	0	0	0	0	0	0	26	11	11	0	0	0	0	0	0	0	0	0	0	0	0	12	8	8	0	0	0	0	0	0	0	0	0	0	0	0	17	17	17	0	0	0	0	0	0	0	0	0	0	0	0	10	7	7	0	0	0	0	0	0	0	0	0	0	0	0	39	38	38	0	0	0	0	0	0	0	0	0	0	0	0	2	2	2	0	0	0	0	0	0	0	0	0	0	0	0	
120	_475_@M01093:134:000000000-D893R:1:1101:24018:2400	productive	Homsap IGHV3-30*04 F, or Homsap IGHV3-30-3*03 F	106	84	74	10	0	2	1	2	1	0	4	0	3	3	4	26	11	9	2	0	0	0	0	0	0	2	0	0	0	2	12	8	8	0	0	0	0	0	0	0	0	0	0	0	0	17	17	10	7	0	2	1	2	1	0	1	0	3	3	1	10	8	8	0	0	0	0	0	0	0	0	0	0	0	0	39	38	37	1	0	0	0	0	0	0	1	0	0	0	1	2	2	2	0	0	0	0	0	0	0	0	0	0	0	0	
121	_476_@M01093:134:000000000-D893R:1:1101:22747:2408	unproductive	Homsap IGHV4-34*01 F, or Homsap IGHV4-34*02 F	106	83	74	9	0	0	3	1	1	0	4	0	3	2	4	26	11	6	5	0	0	2	0	0	0	3	0	2	0	3	12	8	8	0	0	0	0	0	0	0	0	0	0	0	0	17	17	13	4	0	0	1	1	1	0	1	0	1	2	1	10	7	7	0	0	0	0	0	0	0	0	0	0	0	0	39	38	38	0	0	0	0	0	0	0	0	0	0	0	0	2	2	2	0	0	0	0	0	0	0	0	0	0	0	0	
122	_488_@M01093:134:000000000-D893R:1:1101:22219:2465	productive	Homsap IGHV3-30*04 F, or Homsap IGHV3-30-3*03 F	106	84	77	7	1	0	0	2	0	0	4	1	0	2	4	26	11	8	3	1	0	0	1	0	0	1	1	0	1	1	12	8	8	0	0	0	0	0	0	0	0	0	0	0	0	17	17	15	2	0	0	0	1	0	0	1	0	0	1	1	10	8	8	0	0	0	0	0	0	0	0	0	0	0	0	39	38	36	2	0	0	0	0	0	0	2	0	0	0	2	2	2	2	0	0	0	0	0	0	0	0	0	0	0	0	
123	_495_@M01093:134:000000000-D893R:1:1101:22199:2530	productive	Homsap IGHV3-30*04 F, or Homsap IGHV3-30-3*03 F	106	84	78	6	0	0	0	1	2	0	3	0	0	3	3	26	11	9	2	0	0	0	0	1	0	1	0	0	1	1	12	8	8	0	0	0	0	0	0	0	0	0	0	0	0	17	17	14	3	0	0	0	1	1	0	1	0	0	2	1	10	8	8	0	0	0	0	0	0	0	0	0	0	0	0	39	38	37	1	0	0	0	0	0	0	1	0	0	0	1	2	2	2	0	0	0	0	0	0	0	0	0	0	0	0	
124	_650_@M01093:134:000000000-D893R:1:1102:20972:1035	unproductive	Homsap IGHV4-34*01 F, or Homsap IGHV4-34*02 F	106	83	80	3	0	0	1	2	0	0	0	0	1	2	0	26	11	11	0	0	0	0	0	0	0	0	0	0	0	0	12	8	8	0	0	0	0	0	0	0	0	0	0	0	0	17	17	14	3	0	0	1	2	0	0	0	0	1	2	0	10	7	7	0	0	0	0	0	0	0	0	0	0	0	0	39	38	38	0	0	0	0	0	0	0	0	0	0	0	0	2	2	2	0	0	0	0	0	0	0	0	0	0	0	0	
125	>671_@M01093:134:000000000-D893R:1:1102:2980:11363	productive	Homsap IGHV3-33*01 F, or Homsap IGHV3-33*06 F	106	84	79	5	3	0	0	1	1	0	0	3	0	2	0	26	11	8	3	2	0	0	1	0	0	0	2	0	1	0	12	8	7	1	0	0	0	0	1	0	0	0	0	1	0	17	17	17	0	0	0	0	0	0	0	0	0	0	0	0	10	8	8	0	0	0	0	0	0	0	0	0	0	0	0	39	38	38	0	0	0	0	0	0	0	0	0	0	0	0	2	2	1	1	1	0	0	0	0	0	0	1	0	0	0	
126	_678_@M01093:134:000000000-D893R:1:1102:19328:1142	productive	Homsap IGHV3-15*01 F, or Homsap IGHV3-15*02 F	106	86	83	3	0	0	1	1	0	0	1	0	1	1	1	26	11	11	0	0	0	0	0	0	0	0	0	0	0	0	12	8	8	0	0	0	0	0	0	0	0	0	0	0	0	17	17	15	2	0	0	1	1	0	0	0	0	1	1	0	10	10	9	1	0	0	0	0	0	0	1	0	0	0	1	39	38	38	0	0	0	0	0	0	0	0	0	0	0	0	2	2	2	0	0	0	0	0	0	0	0	0	0	0	0	
127	>684_@M01093:134:000000000-D893R:1:1102:2181:11988	unproductive	Homsap IGHV4-34*01 F, or Homsap IGHV4-34*02 F	106	83	79	4	0	0	1	2	0	0	1	0	1	2	1	26	11	11	0	0	0	0	0	0	0	0	0	0	0	0	12	8	8	0	0	0	0	0	0	0	0	0	0	0	0	17	17	14	3	0	0	1	1	0	0	1	0	1	1	1	10	7	7	0	0	0	0	0	0	0	0	0	0	0	0	39	38	37	1	0	0	0	1	0	0	0	0	0	1	0	2	2	2	0	0	0	0	0	0	0	0	0	0	0	0	
128	_687_@M01093:134:000000000-D893R:1:1102:19430:1203	productive	Homsap IGHV3-33*01 F, or Homsap IGHV3-33*06 F	106	84	77	7	1	0	1	2	2	0	1	1	1	4	1	26	11	9	2	0	0	0	0	1	0	1	0	0	1	1	12	8	7	1	0	0	0	0	1	0	0	0	0	1	0	17	17	14	3	0	0	1	2	0	0	0	0	1	2	0	10	8	8	0	0	0	0	0	0	0	0	0	0	0	0	39	38	38	0	0	0	0	0	0	0	0	0	0	0	0	2	2	1	1	1	0	0	0	0	0	0	1	0	0	0	
129	_691_@M01093:134:000000000-D893R:1:1102:22192:1227	productive	Homsap IGHV3-30-3*01 F	106	84	59	25	2	0	4	6	5	0	8	2	4	11	8	26	11	8	3	0	0	1	2	0	0	0	0	1	2	0	12	8	3	5	0	0	1	1	2	0	1	0	1	3	1	17	17	14	3	0	0	0	1	0	0	2	0	0	1	2	10	8	4	4	0	0	0	1	0	0	3	0	0	1	3	39	38	30	8	1	0	2	0	3	0	2	1	2	3	2	2	2	0	2	1	0	0	1	0	0	0	1	0	1	0	
130	_696_@M01093:134:000000000-D893R:1:1102:19654:1238	No results	
131	>600_@M01093:134:000000000-D893R:1:1102:20703:7687	unproductive	Homsap IGHV4-34*01 F, or Homsap IGHV4-34*02 F	106	83	83	0	0	0	0	0	0	0	0	0	0	0	0	26	11	11	0	0	0	0	0	0	0	0	0	0	0	0	12	8	8	0	0	0	0	0	0	0	0	0	0	0	0	17	17	17	0	0	0	0	0	0	0	0	0	0	0	0	10	7	7	0	0	0	0	0	0	0	0	0	0	0	0	39	38	38	0	0	0	0	0	0	0	0	0	0	0	0	2	2	2	0	0	0	0	0	0	0	0	0	0	0	0	
132	>609_@M01093:134:000000000-D893R:1:1102:21610:7977	unproductive	Homsap IGHV3-30-3*01 F	106	84	59	25	3	0	5	4	6	0	7	3	5	10	7	26	11	7	4	1	0	1	2	0	0	0	1	1	2	0	12	8	3	5	0	0	1	1	2	0	1	0	1	3	1	17	17	15	2	0	0	0	0	0	0	2	0	0	0	2	10	8	4	4	0	0	0	1	0	0	3	0	0	1	3	39	38	30	8	1	0	2	0	4	0	1	1	2	4	1	2	2	0	2	1	0	1	0	0	0	0	1	1	0	0	
133	>613_@M01093:134:000000000-D893R:1:1102:24719:8334	productive	Homsap IGHV3-15*01 F, or Homsap IGHV3-15*02 F	106	86	81	5	2	0	0	1	0	0	2	2	0	1	2	26	11	8	3	2	0	0	0	0	0	1	2	0	0	1	12	8	8	0	0	0	0	0	0	0	0	0	0	0	0	17	17	16	1	0	0	0	1	0	0	0	0	0	1	0	10	10	9	1	0	0	0	0	0	0	1	0	0	0	1	39	38	38	0	0	0	0	0	0	0	0	0	0	0	0	2	2	2	0	0	0	0	0	0	0	0	0	0	0	0	
134	>615_@M01093:134:000000000-D893R:1:1102:22903:8405	productive	Homsap IGHV3-15*01 F, or Homsap IGHV3-15*02 F	106	86	82	4	2	0	0	0	0	0	2	2	0	0	2	26	11	8	3	2	0	0	0	0	0	1	2	0	0	1	12	8	8	0	0	0	0	0	0	0	0	0	0	0	0	17	17	17	0	0	0	0	0	0	0	0	0	0	0	0	10	10	9	1	0	0	0	0	0	0	1	0	0	0	1	39	38	38	0	0	0	0	0	0	0	0	0	0	0	0	2	2	2	0	0	0	0	0	0	0	0	0	0	0	0	
135	>621_@M01093:134:000000000-D893R:1:1102:20108:8831	productive	Homsap IGHV4-59*01 F	105 (106)	82 (83)	81	1 (2)	0	0	0	0	0	0	1 (2)	0	0	0	1 (2)	26	11	11	0	0	0	0	0	0	0	0	0	0	0	0	12	8	8	0	0	0	0	0	0	0	0	0	0	0	0	17	17	16	1	0	0	0	0	0	0	1	0	0	0	1	10	7	7	0	0	0	0	0	0	0	0	0	0	0	0	39	38	38	0	0	0	0	0	0	0	0	0	0	0	0	1 (2)	1 (2)	1	0 (1)	0	0	0	0	0	0	0 (1)	0	0	0	0 (1)	
136	>623_@M01093:134:000000000-D893R:1:1102:21561:8893	unproductive	Homsap IGHV4-34*01 F, or Homsap IGHV4-34*02 F	106	83	81	2	0	0	0	0	0	0	2	0	0	0	2	26	11	11	0	0	0	0	0	0	0	0	0	0	0	0	12	8	8	0	0	0	0	0	0	0	0	0	0	0	0	17	17	15	2	0	0	0	0	0	0	2	0	0	0	2	10	7	7	0	0	0	0	0	0	0	0	0	0	0	0	39	38	38	0	0	0	0	0	0	0	0	0	0	0	0	2	2	2	0	0	0	0	0	0	0	0	0	0	0	0	
137	>629_@M01093:134:000000000-D893R:1:1102:19333:9228	productive	Homsap IGHV3-30*04 F, or Homsap IGHV3-30-3*03 F	106	84	80	4	2	0	0	1	0	0	1	2	0	1	1	26	11	8	3	2	0	0	1	0	0	0	2	0	1	0	12	8	8	0	0	0	0	0	0	0	0	0	0	0	0	17	17	17	0	0	0	0	0	0	0	0	0	0	0	0	10	8	8	0	0	0	0	0	0	0	0	0	0	0	0	39	38	37	1	0	0	0	0	0	0	1	0	0	0	1	2	2	2	0	0	0	0	0	0	0	0	0	0	0	0	
138	>636_@M01093:134:000000000-D893R:1:1102:21206:9641	productive	Homsap IGHV3-30*04 F, or Homsap IGHV3-30-3*03 F	106	84	80	4	2	0	0	1	0	0	1	2	0	1	1	26	11	8	3	2	0	0	1	0	0	0	2	0	1	0	12	8	8	0	0	0	0	0	0	0	0	0	0	0	0	17	17	17	0	0	0	0	0	0	0	0	0	0	0	0	10	8	8	0	0	0	0	0	0	0	0	0	0	0	0	39	38	37	1	0	0	0	0	0	0	1	0	0	0	1	2	2	2	0	0	0	0	0	0	0	0	0	0	0	0	
139	>637_@M01093:134:000000000-D893R:1:1102:22882:9768	productive	Homsap IGHV3-30*04 F, or Homsap IGHV3-30-3*03 F	106	84	79	5	1	0	0	3	0	0	1	1	0	3	1	26	11	8	3	1	0	0	2	0	0	0	1	0	2	0	12	8	8	0	0	0	0	0	0	0	0	0	0	0	0	17	17	16	1	0	0	0	1	0	0	0	0	0	1	0	10	8	8	0	0	0	0	0	0	0	0	0	0	0	0	39	38	37	1	0	0	0	0	0	0	1	0	0	0	1	2	2	2	0	0	0	0	0	0	0	0	0	0	0	0	
140	>639_@M01093:134:000000000-D893R:1:1102:14729:9965	unproductive	Homsap IGHV3-7*01 F	106	84	80	4	2	0	0	0	0	0	2	2	0	0	2	26	11	8	3	2	0	0	0	0	0	1	2	0	0	1	12	8	7	1	0	0	0	0	0	0	1	0	0	0	1	17	17	17	0	0	0	0	0	0	0	0	0	0	0	0	10	8	8	0	0	0	0	0	0	0	0	0	0	0	0	39	38	38	0	0	0	0	0	0	0	0	0	0	0	0	2	2	2	0	0	0	0	0	0	0	0	0	0	0	0	
141	_642_@M01093:134:000000000-D893R:1:1102:26252:1006	productive	Homsap IGHV3-30*04 F, or Homsap IGHV3-30-3*03 F	106	84	79	5	0	0	0	3	0	0	2	0	0	3	2	26	11	8	3	0	0	0	2	0	0	1	0	0	2	1	12	8	8	0	0	0	0	0	0	0	0	0	0	0	0	17	17	16	1	0	0	0	1	0	0	0	0	0	1	0	10	8	8	0	0	0	0	0	0	0	0	0	0	0	0	39	38	37	1	0	0	0	0	0	0	1	0	0	0	1	2	2	2	0	0	0	0	0	0	0	0	0	0	0	0	
142	_702_@M01093:134:000000000-D893R:1:1102:16600:1253	productive	Homsap IGHV4-59*01 F	105 (106)	82 (83)	82	0 (1)	0	0	0	0	0	0	0 (1)	0	0	0	0 (1)	26	11	11	0	0	0	0	0	0	0	0	0	0	0	0	12	8	8	0	0	0	0	0	0	0	0	0	0	0	0	17	17	17	0	0	0	0	0	0	0	0	0	0	0	0	10	7	7	0	0	0	0	0	0	0	0	0	0	0	0	39	38	38	0	0	0	0	0	0	0	0	0	0	0	0	1 (2)	1 (2)	1	0 (1)	0	0	0	0	0	0	0 (1)	0	0	0	0 (1)	
143	_704_@M01093:134:000000000-D893R:1:1102:14151:1256	productive	Homsap IGHV3-33*01 F, or Homsap IGHV3-33*06 F	106	84	78	6	3	1	0	1	1	0	0	3	1	2	0	26	11	8	3	2	0	0	1	0	0	0	2	0	1	0	12	8	7	1	0	0	0	0	1	0	0	0	0	1	0	17	17	17	0	0	0	0	0	0	0	0	0	0	0	0	10	8	8	0	0	0	0	0	0	0	0	0	0	0	0	39	38	37	1	0	1	0	0	0	0	0	0	1	0	0	2	2	1	1	1	0	0	0	0	0	0	1	0	0	0	
144	_708_@M01093:134:000000000-D893R:1:1102:28579:1269	No results	
145	_709_@M01093:134:000000000-D893R:1:1102:16023:1274	productive	Homsap IGHV3-48*03 F	106	84	79	5	2	0	0	1	0	0	2	2	0	1	2	26	11	8	3	2	0	0	0	0	0	1	2	0	0	1	12	8	7	1	0	0	0	1	0	0	0	0	0	1	0	17	17	16	1	0	0	0	0	0	0	1	0	0	0	1	10	8	8	0	0	0	0	0	0	0	0	0	0	0	0	39	38	38	0	0	0	0	0	0	0	0	0	0	0	0	2	2	2	0	0	0	0	0	0	0	0	0	0	0	0	
146	_710_@M01093:134:000000000-D893R:1:1102:21916:1282	unproductive	Homsap IGHV3-33*01 F, or Homsap IGHV3-33*06 F	106	84	79	5	1	0	0	0	1	0	3	1	0	1	3	26	11	9	2	0	0	0	0	0	0	2	0	0	0	2	12	8	7	1	0	0	0	0	1	0	0	0	0	1	0	17	17	17	0	0	0	0	0	0	0	0	0	0	0	0	10	8	8	0	0	0	0	0	0	0	0	0	0	0	0	39	38	37	1	0	0	0	0	0	0	1	0	0	0	1	2	2	1	1	1	0	0	0	0	0	0	1	0	0	0	
147	_712_@M01093:134:000000000-D893R:1:1102:25933:1292	productive	Homsap IGHV3-30-3*01 F	106	84	60	24	2	0	6	2	6	0	8	2	6	8	8	26	11	8	3	0	0	1	0	0	0	2	0	1	0	2	12	8	3	5	0	0	1	1	2	0	1	0	1	3	1	17	17	15	2	0	0	1	0	0	0	1	0	1	0	1	10	8	4	4	0	0	0	1	0	0	3	0	0	1	3	39	38	30	8	1	0	2	0	4	0	1	1	2	4	1	2	2	0	2	1	0	1	0	0	0	0	1	1	0	0	
148	_713_@M01093:134:000000000-D893R:1:1102:26584:1296	unproductive	Homsap IGHV3-30*04 F, or Homsap IGHV3-30-3*03 F	106	84	78	6	0	1	0	2	0	0	3	0	1	2	3	26	11	8	3	0	0	0	1	0	0	2	0	0	1	2	12	8	8	0	0	0	0	0	0	0	0	0	0	0	0	17	17	15	2	0	1	0	1	0	0	0	0	1	1	0	10	8	8	0	0	0	0	0	0	0	0	0	0	0	0	39	38	37	1	0	0	0	0	0	0	1	0	0	0	1	2	2	2	0	0	0	0	0	0	0	0	0	0	0	0	
149	_714_@M01093:134:000000000-D893R:1:1102:17815:1297	unproductive	Homsap IGHV4-34*01 F, or Homsap IGHV4-34*02 F	106	83	79	4	0	0	1	2	0	0	1	0	1	2	1	26	11	11	0	0	0	0	0	0	0	0	0	0	0	0	12	8	8	0	0	0	0	0	0	0	0	0	0	0	0	17	17	14	3	0	0	1	1	0	0	1	0	1	1	1	10	7	7	0	0	0	0	0	0	0	0	0	0	0	0	39	38	37	1	0	0	0	1	0	0	0	0	0	1	0	2	2	2	0	0	0	0	0	0	0	0	0	0	0	0	
150	_728_@M01093:134:000000000-D893R:1:1102:21295:1344	productive	Homsap IGHV3-15*01 F, or Homsap IGHV3-15*02 F	106	86	79	7	0	0	0	1	0	1	5	0	0	2	5	26	11	9	2	0	0	0	0	0	1	1	0	0	1	1	12	8	8	0	0	0	0	0	0	0	0	0	0	0	0	17	17	15	2	0	0	0	1	0	0	1	0	0	1	1	10	10	9	1	0	0	0	0	0	0	1	0	0	0	1	39	38	36	2	0	0	0	0	0	0	2	0	0	0	2	2	2	2	0	0	0	0	0	0	0	0	0	0	0	0	
151	_729_@M01093:134:000000000-D893R:1:1102:24242:1345	productive	Homsap IGHV3-30*04 F, or Homsap IGHV3-30-3*03 F	106	84	77	7	0	1	0	3	0	0	3	0	1	3	3	26	11	8	3	0	0	0	2	0	0	1	0	0	2	1	12	8	8	0	0	0	0	0	0	0	0	0	0	0	0	17	17	14	3	0	1	0	1	0	0	1	0	1	1	1	10	8	8	0	0	0	0	0	0	0	0	0	0	0	0	39	38	37	1	0	0	0	0	0	0	1	0	0	0	1	2	2	2	0	0	0	0	0	0	0	0	0	0	0	0	
152	>731_@M01093:134:000000000-D893R:1:1102:4387:13481	productive	Homsap IGHV4-59*01 F	105 (106)	82 (83)	79	3 (4)	0	2	0	0	1	0	0 (1)	0	2	1	0 (1)	26	11	11	0	0	0	0	0	0	0	0	0	0	0	0	12	8	8	0	0	0	0	0	0	0	0	0	0	0	0	17	17	17	0	0	0	0	0	0	0	0	0	0	0	0	10	7	7	0	0	0	0	0	0	0	0	0	0	0	0	39	38	35	3	0	2	0	0	1	0	0	0	2	1	0	1 (2)	1 (2)	1	0 (1)	0	0	0	0	0	0	0 (1)	0	0	0	0 (1)	
153	_733_@M01093:134:000000000-D893R:1:1102:23342:1362	productive	Homsap IGHV3-30*04 F, or Homsap IGHV3-30-3*03 F	106	84	77	7	0	0	0	1	1	0	5	0	0	2	5	26	11	7	4	0	0	0	0	1	0	3	0	0	1	3	12	8	8	0	0	0	0	0	0	0	0	0	0	0	0	17	17	15	2	0	0	0	1	0	0	1	0	0	1	1	10	8	8	0	0	0	0	0	0	0	0	0	0	0	0	39	38	37	1	0	0	0	0	0	0	1	0	0	0	1	2	2	2	0	0	0	0	0	0	0	0	0	0	0	0	
154	>736_@M01093:134:000000000-D893R:1:1102:3819:13788	unproductive	Homsap IGHV4-34*01 F, or Homsap IGHV4-34*02 F	106	83	77	6	0	1	2	1	0	0	2	0	3	1	2	26	11	6	5	0	1	2	0	0	0	2	0	3	0	2	12	8	8	0	0	0	0	0	0	0	0	0	0	0	0	17	17	16	1	0	0	0	1	0	0	0	0	0	1	0	10	7	7	0	0	0	0	0	0	0	0	0	0	0	0	39	38	38	0	0	0	0	0	0	0	0	0	0	0	0	2	2	2	0	0	0	0	0	0	0	0	0	0	0	0	
155	_737_@M01093:134:000000000-D893R:1:1102:27805:1387	productive	Homsap IGHV3-33*01 F, or Homsap IGHV3-33*06 F	106	84	78	6	1	1	0	1	1	0	2	1	1	2	2	26	11	8	3	0	0	0	1	0	0	2	0	0	1	2	12	8	7	1	0	0	0	0	1	0	0	0	0	1	0	17	17	16	1	0	1	0	0	0	0	0	0	1	0	0	10	8	8	0	0	0	0	0	0	0	0	0	0	0	0	39	38	38	0	0	0	0	0	0	0	0	0	0	0	0	2	2	1	1	1	0	0	0	0	0	0	1	0	0	0	
156	>740_@M01093:134:000000000-D893R:1:1102:5401:13990	productive	Homsap IGHV3-15*01 F, or Homsap IGHV3-15*02 F	106	86	82	4	2	0	0	0	0	0	2	2	0	0	2	26	11	8	3	2	0	0	0	0	0	1	2	0	0	1	12	8	8	0	0	0	0	0	0	0	0	0	0	0	0	17	17	17	0	0	0	0	0	0	0	0	0	0	0	0	10	10	9	1	0	0	0	0	0	0	1	0	0	0	1	39	38	38	0	0	0	0	0	0	0	0	0	0	0	0	2	2	2	0	0	0	0	0	0	0	0	0	0	0	0	
157	>742_@M01093:134:000000000-D893R:1:1102:7792:14166	productive	Homsap IGHV3-33*01 F, or Homsap IGHV3-33*06 F	106	84	79	5	1	0	0	0	2	0	2	1	0	2	2	26	11	10	1	0	0	0	0	0	0	1	0	0	0	1	12	8	7	1	0	0	0	0	1	0	0	0	0	1	0	17	17	17	0	0	0	0	0	0	0	0	0	0	0	0	10	8	7	1	0	0	0	0	0	0	1	0	0	0	1	39	38	37	1	0	0	0	0	1	0	0	0	0	1	0	2	2	1	1	1	0	0	0	0	0	0	1	0	0	0	
158	_746_@M01093:134:000000000-D893R:1:1102:28743:1425	No results	
159	_752_@M01093:134:000000000-D893R:1:1102:16542:1435	unproductive	Homsap IGHV3-33*01 F, or Homsap IGHV3-33*06 F	106	84	75	9	2	0	0	3	1	0	3	2	0	4	3	26	11	7	4	1	0	0	2	0	0	1	1	0	2	1	12	8	7	1	0	0	0	0	1	0	0	0	0	1	0	17	17	15	2	0	0	0	1	0	0	1	0	0	1	1	10	8	8	0	0	0	0	0	0	0	0	0	0	0	0	39	38	37	1	0	0	0	0	0	0	1	0	0	0	1	2	2	1	1	1	0	0	0	0	0	0	1	0	0	0	
160	>753_@M01093:134:000000000-D893R:1:1102:1790:14437	productive	Homsap IGHV3-33*01 F, or Homsap IGHV3-33*06 F	106	84	79	5	3	0	0	1	1	0	0	3	0	2	0	26	11	8	3	2	0	0	1	0	0	0	2	0	1	0	12	8	7	1	0	0	0	0	1	0	0	0	0	1	0	17	17	17	0	0	0	0	0	0	0	0	0	0	0	0	10	8	8	0	0	0	0	0	0	0	0	0	0	0	0	39	38	38	0	0	0	0	0	0	0	0	0	0	0	0	2	2	1	1	1	0	0	0	0	0	0	1	0	0	0	
161	_757_@M01093:134:000000000-D893R:1:1102:27110:1456	productive	Homsap IGHV4-59*01 F	105 (106)	82 (83)	79	3 (4)	0	0	0	1	0	0	2 (3)	0	0	1	2 (3)	26	11	10	1	0	0	0	0	0	0	1	0	0	0	1	12	8	8	0	0	0	0	0	0	0	0	0	0	0	0	17	17	15	2	0	0	0	1	0	0	1	0	0	1	1	10	7	7	0	0	0	0	0	0	0	0	0	0	0	0	39	38	38	0	0	0	0	0	0	0	0	0	0	0	0	1 (2)	1 (2)	1	0 (1)	0	0	0	0	0	0	0 (1)	0	0	0	0 (1)	
162	_758_@M01093:134:000000000-D893R:1:1102:14874:1457	productive	Homsap IGHV3-30-3*01 F, or Homsap IGHV3-30-3*02 F or Homsap IGHV3-33*05 F	106	84	56	28	2	0	5	4	7	0	10	2	5	11	10	26	11	7	4	0	0	1	0	0	0	3	0	1	0	3	12	8	3	5	0	0	1	1	2	0	1	0	1	3	1	17	17	12	5	0	0	0	2	1	0	2	0	0	3	2	10	8	4	4	0	0	0	1	0	0	3	0	0	1	3	39	38	30	8	1	0	2	0	4	0	1	1	2	4	1	2	2	0	2	1	0	1	0	0	0	0	1	1	0	0	
163	_761_@M01093:134:000000000-D893R:1:1102:18915:1461	productive	Homsap IGHV3-33*01 F, or Homsap IGHV3-33*06 F	106	84	77	7	0	0	1	3	2	0	1	0	1	5	1	26	11	9	2	0	0	0	0	1	0	1	0	0	1	1	12	8	7	1	0	0	0	0	1	0	0	0	0	1	0	17	17	14	3	0	0	1	2	0	0	0	0	1	2	0	10	8	8	0	0	0	0	0	0	0	0	0	0	0	0	39	38	38	0	0	0	0	0	0	0	0	0	0	0	0	2	2	1	1	0	0	0	1	0	0	0	0	0	1	0	
164	_768_@M01093:134:000000000-D893R:1:1102:17604:1498	unproductive	Homsap IGHV4-34*01 F, or Homsap IGHV4-34*02 F	106	83	79	4	0	0	1	2	0	0	1	0	1	2	1	26	11	11	0	0	0	0	0	0	0	0	0	0	0	0	12	8	8	0	0	0	0	0	0	0	0	0	0	0	0	17	17	13	4	0	0	1	2	0	0	1	0	1	2	1	10	7	7	0	0	0	0	0	0	0	0	0	0	0	0	39	38	38	0	0	0	0	0	0	0	0	0	0	0	0	2	2	2	0	0	0	0	0	0	0	0	0	0	0	0	
165	_774_@M01093:134:000000000-D893R:1:1102:28594:1519	unproductive	Homsap IGHV4-34*01 F, or Homsap IGHV4-34*02 F	106	83	79	4	0	0	1	2	0	0	1	0	1	2	1	26	11	11	0	0	0	0	0	0	0	0	0	0	0	0	12	8	8	0	0	0	0	0	0	0	0	0	0	0	0	17	17	14	3	0	0	1	1	0	0	1	0	1	1	1	10	7	7	0	0	0	0	0	0	0	0	0	0	0	0	39	38	37	1	0	0	0	1	0	0	0	0	0	1	0	2	2	2	0	0	0	0	0	0	0	0	0	0	0	0	
166	_776_@M01093:134:000000000-D893R:1:1102:18365:1519	productive	Homsap IGHV3-33*01 F, or Homsap IGHV3-33*06 F	106	84	75	9	1	1	0	2	2	0	3	1	1	4	3	26	11	8	3	0	0	0	0	0	0	3	0	0	0	3	12	8	7	1	0	0	0	0	1	0	0	0	0	1	0	17	17	15	2	0	0	0	2	0	0	0	0	0	2	0	10	8	8	0	0	0	0	0	0	0	0	0	0	0	0	39	38	36	2	0	1	0	0	1	0	0	0	1	1	0	2	2	1	1	1	0	0	0	0	0	0	1	0	0	0	
167	_780_@M01093:134:000000000-D893R:1:1102:18473:1537	productive	Homsap IGHV3-30*04 F, or Homsap IGHV3-30-3*03 F	106	84	80	4	0	0	0	1	0	0	3	0	0	1	3	26	11	10	1	0	0	0	0	0	0	1	0	0	0	1	12	8	8	0	0	0	0	0	0	0	0	0	0	0	0	17	17	15	2	0	0	0	1	0	0	1	0	0	1	1	10	8	8	0	0	0	0	0	0	0	0	0	0	0	0	39	38	37	1	0	0	0	0	0	0	1	0	0	0	1	2	2	2	0	0	0	0	0	0	0	0	0	0	0	0	
168	>785_@M01093:134:000000000-D893R:1:1102:6071:15516	productive	Homsap IGHV3-30-3*01 F	106	84	62	22	2	0	5	2	6	0	7	2	5	8	7	26	11	9	2	0	0	1	0	0	0	1	0	1	0	1	12	8	3	5	0	0	1	1	2	0	1	0	1	3	1	17	17	16	1	0	0	0	0	0	0	1	0	0	0	1	10	8	4	4	0	0	0	1	0	0	3	0	0	1	3	39	38	30	8	1	0	2	0	4	0	1	1	2	4	1	2	2	0	2	1	0	1	0	0	0	0	1	1	0	0	
169	_787_@M01093:134:000000000-D893R:1:1102:23955:1554	productive	Homsap IGHV3-30*04 F, or Homsap IGHV3-30-3*03 F	106	85	80	5	0	0	0	1	0	0	4	0	0	1	4	26	12	9	3	0	0	0	0	0	0	3	0	0	0	3	12	8	8	0	0	0	0	0	0	0	0	0	0	0	0	17	17	16	1	0	0	0	1	0	0	0	0	0	1	0	10	8	8	0	0	0	0	0	0	0	0	0	0	0	0	39	38	37	1	0	0	0	0	0	0	1	0	0	0	1	2	2	2	0	0	0	0	0	0	0	0	0	0	0	0	
170	_788_@M01093:134:000000000-D893R:1:1102:28162:1554	productive	Homsap IGHV3-30-3*01 F	106	84	60	24	2	0	5	1	7	1	8	2	5	9	8	26	11	9	2	0	0	1	0	0	0	1	0	1	0	1	12	8	2	6	0	0	1	1	2	0	2	0	1	3	2	17	17	16	1	0	0	0	0	0	0	1	0	0	0	1	10	8	4	4	0	0	0	0	0	1	3	0	0	1	3	39	38	29	9	1	0	2	0	5	0	1	1	2	5	1	2	2	0	2	1	0	1	0	0	0	0	1	1	0	0	
171	_789_@M01093:134:000000000-D893R:1:1102:26486:1556	productive	Homsap IGHV3-33*01 F, or Homsap IGHV3-33*06 F	106	84	78	6	1	0	0	2	1	0	2	1	0	3	2	26	11	10	1	0	0	0	0	0	0	1	0	0	0	1	12	8	7	1	0	0	0	0	1	0	0	0	0	1	0	17	17	14	3	0	0	0	2	0	0	1	0	0	2	1	10	8	8	0	0	0	0	0	0	0	0	0	0	0	0	39	38	38	0	0	0	0	0	0	0	0	0	0	0	0	2	2	1	1	1	0	0	0	0	0	0	1	0	0	0	
172	_790_@M01093:134:000000000-D893R:1:1102:26475:1557	productive	Homsap IGHV3-33*01 F, or Homsap IGHV3-33*06 F	106	84	75	9	1	0	0	2	2	0	4	1	0	4	4	26	11	8	3	0	0	0	0	1	0	2	0	0	1	2	12	8	7	1	0	0	0	0	1	0	0	0	0	1	0	17	17	14	3	0	0	0	2	0	0	1	0	0	2	1	10	8	8	0	0	0	0	0	0	0	0	0	0	0	0	39	38	37	1	0	0	0	0	0	0	1	0	0	0	1	2	2	1	1	1	0	0	0	0	0	0	1	0	0	0	
173	_793_@M01093:134:000000000-D893R:1:1102:22615:1566	productive	Homsap IGHV4-59*01 F	105 (106)	82 (83)	78	4 (5)	0	1	0	2	0	0	1 (2)	0	1	2	1 (2)	26	11	11	0	0	0	0	0	0	0	0	0	0	0	0	12	8	8	0	0	0	0	0	0	0	0	0	0	0	0	17	17	13	4	0	1	0	2	0	0	1	0	1	2	1	10	7	7	0	0	0	0	0	0	0	0	0	0	0	0	39	38	38	0	0	0	0	0	0	0	0	0	0	0	0	1 (2)	1 (2)	1	0 (1)	0	0	0	0	0	0	0 (1)	0	0	0	0 (1)	
174	_797_@M01093:134:000000000-D893R:1:1102:19073:1594	productive	Homsap IGHV3-30-3*01 F	106	84	60	24	2	0	5	4	6	0	7	2	5	10	7	26	11	8	3	0	0	1	1	0	0	1	0	1	1	1	12	8	3	5	0	0	1	1	2	0	1	0	1	3	1	17	17	15	2	0	0	0	1	0	0	1	0	0	1	1	10	8	4	4	0	0	0	1	0	0	3	0	0	1	3	39	38	30	8	1	0	2	0	4	0	1	1	2	4	1	2	2	0	2	1	0	1	0	0	0	0	1	1	0	0	
175	_1008_@M01093:134:000000000-D893R:1:1102:17517:257	No results	
176	_1020_@M01093:134:000000000-D893R:1:1102:21123:270	productive	Homsap IGHV3-33*01 F, or Homsap IGHV3-33*06 F	106	84	75	9	1	0	1	2	1	1	3	1	1	4	3	26	11	8	3	0	0	0	0	0	1	2	0	0	1	2	12	8	7	1	0	0	0	0	1	0	0	0	0	1	0	17	17	13	4	0	0	1	2	0	0	1	0	1	2	1	10	8	8	0	0	0	0	0	0	0	0	0	0	0	0	39	38	38	0	0	0	0	0	0	0	0	0	0	0	0	2	2	1	1	1	0	0	0	0	0	0	1	0	0	0	
177	_1023_@M01093:134:000000000-D893R:1:1102:19746:276	productive	Homsap IGHV4-59*01 F	105 (106)	82 (83)	73	9 (10)	0	1	2	1	2	0	3 (4)	0	3	3	3 (4)	26	11	4	7	0	1	1	1	2	0	2	0	2	3	2	12	8	8	0	0	0	0	0	0	0	0	0	0	0	0	17	17	15	2	0	0	1	0	0	0	1	0	1	0	1	10	7	7	0	0	0	0	0	0	0	0	0	0	0	0	39	38	38	0	0	0	0	0	0	0	0	0	0	0	0	1 (2)	1 (2)	1	0 (1)	0	0	0	0	0	0	0 (1)	0	0	0	0 (1)	
178	_1029_@M01093:134:000000000-D893R:1:1102:19221:281	productive	Homsap IGHV3-15*01 F, or Homsap IGHV3-15*02 F	106	86	79	7	0	0	0	2	0	1	4	0	0	3	4	26	11	9	2	0	0	0	0	0	1	1	0	0	1	1	12	8	8	0	0	0	0	0	0	0	0	0	0	0	0	17	17	14	3	0	0	0	2	0	0	1	0	0	2	1	10	10	9	1	0	0	0	0	0	0	1	0	0	0	1	39	38	37	1	0	0	0	0	0	0	1	0	0	0	1	2	2	2	0	0	0	0	0	0	0	0	0	0	0	0	
179	_800_@M01093:134:000000000-D893R:1:1102:20267:1599	productive	Homsap IGHV4-59*01 F	105 (106)	82 (83)	79	3 (4)	0	0	0	2	0	0	1 (2)	0	0	2	1 (2)	26	11	11	0	0	0	0	0	0	0	0	0	0	0	0	12	8	8	0	0	0	0	0	0	0	0	0	0	0	0	17	17	14	3	0	0	0	2	0	0	1	0	0	2	1	10	7	7	0	0	0	0	0	0	0	0	0	0	0	0	39	38	38	0	0	0	0	0	0	0	0	0	0	0	0	1 (2)	1 (2)	1	0 (1)	0	0	0	0	0	0	0 (1)	0	0	0	0 (1)	
180	_801_@M01093:134:000000000-D893R:1:1102:18350:1603	productive	Homsap IGHV3-33*01 F, or Homsap IGHV3-33*06 F	106	84	74	10	1	0	1	2	2	0	4	1	1	4	4	26	11	7	4	0	0	0	0	1	0	3	0	0	1	3	12	8	7	1	0	0	0	0	1	0	0	0	0	1	0	17	17	13	4	0	0	1	2	0	0	1	0	1	2	1	10	8	8	0	0	0	0	0	0	0	0	0	0	0	0	39	38	38	0	0	0	0	0	0	0	0	0	0	0	0	2	2	1	1	1	0	0	0	0	0	0	1	0	0	0	
181	>805_@M01093:134:000000000-D893R:1:1102:5375:16353	unproductive	Homsap IGHV4-34*01 F, or Homsap IGHV4-34*02 F	106	83	80	3	0	1	0	1	0	0	1	0	1	1	1	26	11	11	0	0	0	0	0	0	0	0	0	0	0	0	12	8	8	0	0	0	0	0	0	0	0	0	0	0	0	17	17	17	0	0	0	0	0	0	0	0	0	0	0	0	10	7	7	0	0	0	0	0	0	0	0	0	0	0	0	39	38	35	3	0	1	0	1	0	0	1	0	1	1	1	2	2	2	0	0	0	0	0	0	0	0	0	0	0	0	
182	>807_@M01093:134:000000000-D893R:1:1102:3185:16437	productive	Homsap IGHV3-30*04 F, or Homsap IGHV3-30-3*03 F	106	84	79	5	2	0	0	1	0	0	2	2	0	1	2	26	11	8	3	2	0	0	1	0	0	0	2	0	1	0	12	8	8	0	0	0	0	0	0	0	0	0	0	0	0	17	17	16	1	0	0	0	0	0	0	1	0	0	0	1	10	8	8	0	0	0	0	0	0	0	0	0	0	0	0	39	38	37	1	0	0	0	0	0	0	1	0	0	0	1	2	2	2	0	0	0	0	0	0	0	0	0	0	0	0	
183	>813_@M01093:134:000000000-D893R:1:1102:3745:16633	productive	Homsap IGHV3-30*04 F, or Homsap IGHV3-30-3*03 F	106	84	80	4	0	0	1	1	0	0	2	0	1	1	2	26	11	10	1	0	0	0	0	0	0	1	0	0	0	1	12	8	8	0	0	0	0	0	0	0	0	0	0	0	0	17	17	15	2	0	0	1	1	0	0	0	0	1	1	0	10	8	8	0	0	0	0	0	0	0	0	0	0	0	0	39	38	37	1	0	0	0	0	0	0	1	0	0	0	1	2	2	2	0	0	0	0	0	0	0	0	0	0	0	0	
184	_817_@M01093:134:000000000-D893R:1:1102:23580:1669	No results	
185	_819_@M01093:134:000000000-D893R:1:1102:24310:1683	productive	Homsap IGHV3-33*01 F, or Homsap IGHV3-33*06 F	106	84	77	7	2	0	0	3	1	0	1	2	0	4	1	26	11	6	5	1	0	0	3	0	0	1	1	0	3	1	12	8	7	1	0	0	0	0	1	0	0	0	0	1	0	17	17	17	0	0	0	0	0	0	0	0	0	0	0	0	10	8	8	0	0	0	0	0	0	0	0	0	0	0	0	39	38	38	0	0	0	0	0	0	0	0	0	0	0	0	2	2	1	1	1	0	0	0	0	0	0	1	0	0	0	
186	_823_@M01093:134:000000000-D893R:1:1102:24750:1698	unproductive	Homsap IGHV4-34*01 F, or Homsap IGHV4-34*02 F	106	83	79	4	0	0	1	2	0	0	1	0	1	2	1	26	11	11	0	0	0	0	0	0	0	0	0	0	0	0	12	8	8	0	0	0	0	0	0	0	0	0	0	0	0	17	17	13	4	0	0	1	2	0	0	1	0	1	2	1	10	7	7	0	0	0	0	0	0	0	0	0	0	0	0	39	38	38	0	0	0	0	0	0	0	0	0	0	0	0	2	2	2	0	0	0	0	0	0	0	0	0	0	0	0	
187	_828_@M01093:134:000000000-D893R:1:1102:16092:1705	productive	Homsap IGHV3-30-3*01 F	106	84	61	23	2	0	5	2	6	0	8	2	5	8	8	26	11	9	2	0	0	1	0	0	0	1	0	1	0	1	12	8	3	5	0	0	1	1	2	0	1	0	1	3	1	17	17	16	1	0	0	0	0	0	0	1	0	0	0	1	10	8	4	4	0	0	0	1	0	0	3	0	0	1	3	39	38	29	9	1	0	2	0	4	0	2	1	2	4	2	2	2	0	2	1	0	1	0	0	0	0	1	1	0	0	
188	_829_@M01093:134:000000000-D893R:1:1102:25551:1707	unproductive	Homsap IGHV3-33*01 F, or Homsap IGHV3-33*06 F	106	84	78	6	1	0	0	2	1	0	2	1	0	3	2	26	11	9	2	0	0	0	0	0	0	2	0	0	0	2	12	8	7	1	0	0	0	0	1	0	0	0	0	1	0	17	17	15	2	0	0	0	2	0	0	0	0	0	2	0	10	8	8	0	0	0	0	0	0	0	0	0	0	0	0	39	38	38	0	0	0	0	0	0	0	0	0	0	0	0	2	2	1	1	1	0	0	0	0	0	0	1	0	0	0	
189	>830_@M01093:134:000000000-D893R:1:1102:4110:17156	unproductive	Homsap IGHV4-34*01 F, or Homsap IGHV4-34*02 F	106	83	78	5	0	1	2	0	0	0	2	0	3	0	2	26	11	6	5	0	1	2	0	0	0	2	0	3	0	2	12	8	8	0	0	0	0	0	0	0	0	0	0	0	0	17	17	17	0	0	0	0	0	0	0	0	0	0	0	0	10	7	7	0	0	0	0	0	0	0	0	0	0	0	0	39	38	38	0	0	0	0	0	0	0	0	0	0	0	0	2	2	2	0	0	0	0	0	0	0	0	0	0	0	0	
190	_837_@M01093:134:000000000-D893R:1:1102:24602:1732	productive	Homsap IGHV3-30*04 F, or Homsap IGHV3-30-3*03 F	106	84	77	7	0	0	1	2	1	0	3	0	1	3	3	26	11	8	3	0	0	0	0	1	0	2	0	0	1	2	12	8	8	0	0	0	0	0	0	0	0	0	0	0	0	17	17	14	3	0	0	1	2	0	0	0	0	1	2	0	10	8	8	0	0	0	0	0	0	0	0	0	0	0	0	39	38	37	1	0	0	0	0	0	0	1	0	0	0	1	2	2	2	0	0	0	0	0	0	0	0	0	0	0	0	
191	_840_@M01093:134:000000000-D893R:1:1102:19726:1738	No results	
192	>843_@M01093:134:000000000-D893R:1:1102:2476:17424	unproductive	Homsap IGHV4-34*01 F, or Homsap IGHV4-34*02 F	106	83	83	0	0	0	0	0	0	0	0	0	0	0	0	26	11	11	0	0	0	0	0	0	0	0	0	0	0	0	12	8	8	0	0	0	0	0	0	0	0	0	0	0	0	17	17	17	0	0	0	0	0	0	0	0	0	0	0	0	10	7	7	0	0	0	0	0	0	0	0	0	0	0	0	39	38	38	0	0	0	0	0	0	0	0	0	0	0	0	2	2	2	0	0	0	0	0	0	0	0	0	0	0	0	
193	>846_@M01093:134:000000000-D893R:1:1102:2651:17517	productive	Homsap IGHV3-33*01 F, or Homsap IGHV3-33*06 F	106	84	78	6	3	1	0	1	1	0	0	3	1	2	0	26	11	8	3	2	0	0	1	0	0	0	2	0	1	0	12	8	7	1	0	0	0	0	1	0	0	0	0	1	0	17	17	17	0	0	0	0	0	0	0	0	0	0	0	0	10	8	8	0	0	0	0	0	0	0	0	0	0	0	0	39	38	37	1	0	1	0	0	0	0	0	0	1	0	0	2	2	1	1	1	0	0	0	0	0	0	1	0	0	0	
194	_900_@M01093:134:000000000-D893R:1:1102:23942:2005	productive	Homsap IGHV4-59*01 F	105 (106)	82 (83)	78	4 (5)	0	0	0	2	0	0	2 (3)	0	0	2	2 (3)	26	11	11	0	0	0	0	0	0	0	0	0	0	0	0	12	8	8	0	0	0	0	0	0	0	0	0	0	0	0	17	17	14	3	0	0	0	2	0	0	1	0	0	2	1	10	7	6	1	0	0	0	0	0	0	1	0	0	0	1	39	38	38	0	0	0	0	0	0	0	0	0	0	0	0	1 (2)	1 (2)	1	0 (1)	0	0	0	0	0	0	0 (1)	0	0	0	0 (1)	
195	_901_@M01093:134:000000000-D893R:1:1102:20757:2010	productive	Homsap IGHV3-15*01 F, or Homsap IGHV3-15*02 F	106	86	80	6	0	1	0	2	0	0	3	0	1	2	3	26	11	9	2	0	0	0	1	0	0	1	0	0	1	1	12	8	8	0	0	0	0	0	0	0	0	0	0	0	0	17	17	14	3	0	1	0	1	0	0	1	0	1	1	1	10	10	9	1	0	0	0	0	0	0	1	0	0	0	1	39	38	38	0	0	0	0	0	0	0	0	0	0	0	0	2	2	2	0	0	0	0	0	0	0	0	0	0	0	0	
196	_912_@M01093:134:000000000-D893R:1:1102:20090:2053	productive	Homsap IGHV3-33*01 F, or Homsap IGHV3-33*06 F	106	84	81	3	1	0	0	0	1	0	1	1	0	1	1	26	11	10	1	0	0	0	0	0	0	1	0	0	0	1	12	8	7	1	0	0	0	0	1	0	0	0	0	1	0	17	17	17	0	0	0	0	0	0	0	0	0	0	0	0	10	8	8	0	0	0	0	0	0	0	0	0	0	0	0	39	38	38	0	0	0	0	0	0	0	0	0	0	0	0	2	2	1	1	1	0	0	0	0	0	0	1	0	0	0	
197	_914_@M01093:134:000000000-D893R:1:1102:18987:2072	productive	Homsap IGHV3-30*04 F, or Homsap IGHV3-30-3*03 F	106	83	77	6	1	0	0	4	0	0	1	1	0	4	1	26	11	7	4	1	0	0	3	0	0	0	1	0	3	0	12	8	8	0	0	0	0	0	0	0	0	0	0	0	0	17	17	16	1	0	0	0	1	0	0	0	0	0	1	0	10	8	8	0	0	0	0	0	0	0	0	0	0	0	0	39	37	36	1	0	0	0	0	0	0	1	0	0	0	1	2	2	2	0	0	0	0	0	0	0	0	0	0	0	0	
198	_916_@M01093:134:000000000-D893R:1:1102:16793:2080	productive	Homsap IGHV3-33*01 F, or Homsap IGHV3-33*06 F	106	84	74	10	1	0	1	3	2	0	3	1	1	5	3	26	11	7	4	0	0	0	1	1	0	2	0	0	2	2	12	8	7	1	0	0	0	0	1	0	0	0	0	1	0	17	17	13	4	0	0	1	2	0	0	1	0	1	2	1	10	8	8	0	0	0	0	0	0	0	0	0	0	0	0	39	38	38	0	0	0	0	0	0	0	0	0	0	0	0	2	2	1	1	1	0	0	0	0	0	0	1	0	0	0	
199	_918_@M01093:134:000000000-D893R:1:1102:23152:2084	productive	Homsap IGHV3-15*01 F, or Homsap IGHV3-15*02 F	106	86	81	5	0	0	0	1	0	0	4	0	0	1	4	26	11	10	1	0	0	0	0	0	0	1	0	0	0	1	12	8	8	0	0	0	0	0	0	0	0	0	0	0	0	17	17	15	2	0	0	0	1	0	0	1	0	0	1	1	10	10	9	1	0	0	0	0	0	0	1	0	0	0	1	39	38	37	1	0	0	0	0	0	0	1	0	0	0	1	2	2	2	0	0	0	0	0	0	0	0	0	0	0	0	
200	_922_@M01093:134:000000000-D893R:1:1102:22179:2096	productive	Homsap IGHV3-30*04 F, or Homsap IGHV3-30-3*03 F	106	84	79	5	0	0	0	0	1	0	4	0	0	1	4	26	11	9	2	0	0	0	0	1	0	1	0	0	1	1	12	8	8	0	0	0	0	0	0	0	0	0	0	0	0	17	17	16	1	0	0	0	0	0	0	1	0	0	0	1	10	8	8	0	0	0	0	0	0	0	0	0	0	0	0	39	38	36	2	0	0	0	0	0	0	2	0	0	0	2	2	2	2	0	0	0	0	0	0	0	0	0	0	0	0	
201	_926_@M01093:134:000000000-D893R:1:1102:20331:2104	productive	Homsap IGHV3-30*04 F, or Homsap IGHV3-30-3*03 F	106	84	77	7	0	0	1	1	1	0	4	0	1	2	4	26	11	7	4	0	0	0	1	1	0	2	0	0	2	2	12	8	8	0	0	0	0	0	0	0	0	0	0	0	0	17	17	15	2	0	0	1	0	0	0	1	0	1	0	1	10	8	8	0	0	0	0	0	0	0	0	0	0	0	0	39	38	37	1	0	0	0	0	0	0	1	0	0	0	1	2	2	2	0	0	0	0	0	0	0	0	0	0	0	0	
202	_929_@M01093:134:000000000-D893R:1:1102:22717:2111	No results	
203	_931_@M01093:134:000000000-D893R:1:1102:20272:2112	unproductive	Homsap IGHV5-51*01 F, or Homsap IGHV5-51*03 F	106	84	78	6	2	1	1	0	0	0	2	2	2	0	2	26	11	7	4	2	0	0	0	0	0	2	2	0	0	2	12	8	8	0	0	0	0	0	0	0	0	0	0	0	0	17	17	16	1	0	0	1	0	0	0	0	0	1	0	0	10	8	8	0	0	0	0	0	0	0	0	0	0	0	0	39	38	37	1	0	1	0	0	0	0	0	0	1	0	0	2	2	2	0	0	0	0	0	0	0	0	0	0	0	0	
204	_932_@M01093:134:000000000-D893R:1:1102:20462:2119	unproductive	Homsap IGHV3-33*01 F, or Homsap IGHV3-33*06 F	106	84	78	6	1	0	0	2	1	0	2	1	0	3	2	26	11	8	3	0	0	0	1	0	0	2	0	0	1	2	12	8	7	1	0	0	0	0	1	0	0	0	0	1	0	17	17	16	1	0	0	0	1	0	0	0	0	0	1	0	10	8	8	0	0	0	0	0	0	0	0	0	0	0	0	39	38	38	0	0	0	0	0	0	0	0	0	0	0	0	2	2	1	1	1	0	0	0	0	0	0	1	0	0	0	
205	_938_@M01093:134:000000000-D893R:1:1102:22341:2144	productive	Homsap IGHV4-34*03 F	103	80	75	5	0	0	1	3	0	0	1	0	1	3	1	26	11	11	0	0	0	0	0	0	0	0	0	0	0	0	12	8	8	0	0	0	0	0	0	0	0	0	0	0	0	17	17	12	5	0	0	1	3	0	0	1	0	1	3	1	10	7	7	0	0	0	0	0	0	0	0	0	0	0	0	38	37	37	0	0	0	0	0	0	0	0	0	0	0	0	0	0	0	0	0	0	0	0	0	0	0	0	0	0	0	
206	_942_@M01093:134:000000000-D893R:1:1102:18915:2162	productive	Homsap IGHV4-59*01 F	105 (106)	82 (83)	77	5 (6)	0	1	1	2	0	0	1 (2)	0	2	2	1 (2)	26	11	11	0	0	0	0	0	0	0	0	0	0	0	0	12	8	8	0	0	0	0	0	0	0	0	0	0	0	0	17	17	13	4	0	0	1	2	0	0	1	0	1	2	1	10	7	7	0	0	0	0	0	0	0	0	0	0	0	0	39	38	37	1	0	1	0	0	0	0	0	0	1	0	0	1 (2)	1 (2)	1	0 (1)	0	0	0	0	0	0	0 (1)	0	0	0	0 (1)	
207	_943_@M01093:134:000000000-D893R:1:1102:16577:2163	No results	
208	_946_@M01093:134:000000000-D893R:1:1102:15067:2168	productive	Homsap IGHV3-15*01 F, or Homsap IGHV3-15*02 F	106	86	77	9	0	0	0	2	1	0	6	0	0	3	6	26	11	7	4	0	0	0	0	1	0	3	0	0	1	3	12	8	8	0	0	0	0	0	0	0	0	0	0	0	0	17	17	13	4	0	0	0	2	0	0	2	0	0	2	2	10	10	9	1	0	0	0	0	0	0	1	0	0	0	1	39	38	38	0	0	0	0	0	0	0	0	0	0	0	0	2	2	2	0	0	0	0	0	0	0	0	0	0	0	0	
209	_948_@M01093:134:000000000-D893R:1:1102:18551:2174	productive	Homsap IGHV3-15*01 F, or Homsap IGHV3-15*02 F	106	86	81	5	0	0	0	2	0	1	2	0	0	3	2	26	11	10	1	0	0	0	0	0	1	0	0	0	1	0	12	8	8	0	0	0	0	0	0	0	0	0	0	0	0	17	17	14	3	0	0	0	2	0	0	1	0	0	2	1	10	10	9	1	0	0	0	0	0	0	1	0	0	0	1	39	38	38	0	0	0	0	0	0	0	0	0	0	0	0	2	2	2	0	0	0	0	0	0	0	0	0	0	0	0	
210	_949_@M01093:134:000000000-D893R:1:1102:22184:2178	No results	
211	_850_@M01093:134:000000000-D893R:1:1102:25427:1773	productive	Homsap IGHV3-30*04 F, or Homsap IGHV3-30-3*03 F	106	84	76	8	0	0	1	2	0	0	5	0	1	2	5	26	11	8	3	0	0	0	0	0	0	3	0	0	0	3	12	8	8	0	0	0	0	0	0	0	0	0	0	0	0	17	17	13	4	0	0	1	2	0	0	1	0	1	2	1	10	8	8	0	0	0	0	0	0	0	0	0	0	0	0	39	38	37	1	0	0	0	0	0	0	1	0	0	0	1	2	2	2	0	0	0	0	0	0	0	0	0	0	0	0	
212	_854_@M01093:134:000000000-D893R:1:1102:19465:1787	productive	Homsap IGHV3-30-3*01 F	106	84	56	28	2	0	6	4	7	0	9	2	6	11	9	26	11	8	3	0	0	1	0	1	0	1	0	1	1	1	12	8	3	5	0	0	1	1	2	0	1	0	1	3	1	17	17	12	5	0	0	1	2	0	0	2	0	1	2	2	10	8	3	5	0	0	0	1	0	0	4	0	0	1	4	39	38	30	8	1	0	2	0	4	0	1	1	2	4	1	2	2	0	2	1	0	1	0	0	0	0	1	1	0	0	
213	_855_@M01093:134:000000000-D893R:1:1102:22615:1787	productive	Homsap IGHV4-59*01 F	105 (106)	82 (83)	79	3 (4)	0	0	0	2	0	0	1 (2)	0	0	2	1 (2)	26	11	11	0	0	0	0	0	0	0	0	0	0	0	0	12	8	8	0	0	0	0	0	0	0	0	0	0	0	0	17	17	14	3	0	0	0	2	0	0	1	0	0	2	1	10	7	7	0	0	0	0	0	0	0	0	0	0	0	0	39	38	38	0	0	0	0	0	0	0	0	0	0	0	0	1 (2)	1 (2)	1	0 (1)	0	0	0	0	0	0	0 (1)	0	0	0	0 (1)	
214	_856_@M01093:134:000000000-D893R:1:1102:27762:1791	productive	Homsap IGHV4-59*01 F	105 (106)	82 (83)	79	3 (4)	0	0	0	2	0	0	1 (2)	0	0	2	1 (2)	26	11	11	0	0	0	0	0	0	0	0	0	0	0	0	12	8	8	0	0	0	0	0	0	0	0	0	0	0	0	17	17	14	3	0	0	0	2	0	0	1	0	0	2	1	10	7	7	0	0	0	0	0	0	0	0	0	0	0	0	39	38	38	0	0	0	0	0	0	0	0	0	0	0	0	1 (2)	1 (2)	1	0 (1)	0	0	0	0	0	0	0 (1)	0	0	0	0 (1)	
215	>857_@M01093:134:000000000-D893R:1:1102:2956:17925	productive	Homsap IGHV3-33*01 F, or Homsap IGHV3-33*06 F	106	84	79	5	3	0	0	1	1	0	0	3	0	2	0	26	11	8	3	2	0	0	1	0	0	0	2	0	1	0	12	8	7	1	0	0	0	0	1	0	0	0	0	1	0	17	17	17	0	0	0	0	0	0	0	0	0	0	0	0	10	8	8	0	0	0	0	0	0	0	0	0	0	0	0	39	38	38	0	0	0	0	0	0	0	0	0	0	0	0	2	2	1	1	1	0	0	0	0	0	0	1	0	0	0	
216	>861_@M01093:134:000000000-D893R:1:1102:6060:18112	unproductive	Homsap IGHV3-7*01 F	106	84	84	0	0	0	0	0	0	0	0	0	0	0	0	26	11	11	0	0	0	0	0	0	0	0	0	0	0	0	12	8	8	0	0	0	0	0	0	0	0	0	0	0	0	17	17	17	0	0	0	0	0	0	0	0	0	0	0	0	10	8	8	0	0	0	0	0	0	0	0	0	0	0	0	39	38	38	0	0	0	0	0	0	0	0	0	0	0	0	2	2	2	0	0	0	0	0	0	0	0	0	0	0	0	
217	_863_@M01093:134:000000000-D893R:1:1102:27196:1823	No results	
218	>864_@M01093:134:000000000-D893R:1:1102:3131:18243	No results	
219	_865_@M01093:134:000000000-D893R:1:1102:17562:1824	productive	Homsap IGHV3-30*04 F, or Homsap IGHV3-30-3*03 F	106	84	77	7	0	0	1	2	0	0	4	0	1	2	4	26	11	9	2	0	0	0	0	0	0	2	0	0	0	2	12	8	8	0	0	0	0	0	0	0	0	0	0	0	0	17	17	14	3	0	0	0	2	0	0	1	0	0	2	1	10	8	8	0	0	0	0	0	0	0	0	0	0	0	0	39	38	37	1	0	0	0	0	0	0	1	0	0	0	1	2	2	1	1	0	0	1	0	0	0	0	0	1	0	0	
220	>866_@M01093:134:000000000-D893R:1:1102:7342:18285	unproductive	Homsap IGHV5-51*01 F	106	84	81	3	1	0	1	0	0	0	1	1	1	0	1	26	11	9	2	1	0	0	0	0	0	1	1	0	0	1	12	8	8	0	0	0	0	0	0	0	0	0	0	0	0	17	17	16	1	0	0	1	0	0	0	0	0	1	0	0	10	8	8	0	0	0	0	0	0	0	0	0	0	0	0	39	38	38	0	0	0	0	0	0	0	0	0	0	0	0	2	2	2	0	0	0	0	0	0	0	0	0	0	0	0	
221	>867_@M01093:134:000000000-D893R:1:1102:4857:18384	unproductive	Homsap IGHV4-34*01 F, or Homsap IGHV4-34*02 F	106	82	82	0	0	0	0	0	0	0	0	0	0	0	0	26	10	10	0	0	0	0	0	0	0	0	0	0	0	0	12	8	8	0	0	0	0	0	0	0	0	0	0	0	0	17	17	17	0	0	0	0	0	0	0	0	0	0	0	0	10	7	7	0	0	0	0	0	0	0	0	0	0	0	0	39	38	38	0	0	0	0	0	0	0	0	0	0	0	0	2	2	2	0	0	0	0	0	0	0	0	0	0	0	0	
222	_871_@M01093:134:000000000-D893R:1:1102:21916:1847	productive	Homsap IGHV3-33*01 F, or Homsap IGHV3-33*06 F	106	84	77	7	1	1	0	2	1	0	2	1	1	3	2	26	11	9	2	0	0	0	1	0	0	1	0	0	1	1	12	8	7	1	0	0	0	0	1	0	0	0	0	1	0	17	17	14	3	0	1	0	1	0	0	1	0	1	1	1	10	8	8	0	0	0	0	0	0	0	0	0	0	0	0	39	38	38	0	0	0	0	0	0	0	0	0	0	0	0	2	2	1	1	1	0	0	0	0	0	0	1	0	0	0	
223	>875_@M01093:134:000000000-D893R:1:1102:4567:18552	unproductive	Homsap IGHV4-34*01 F, or Homsap IGHV4-34*02 F	106	83	83	0	0	0	0	0	0	0	0	0	0	0	0	26	11	11	0	0	0	0	0	0	0	0	0	0	0	0	12	8	8	0	0	0	0	0	0	0	0	0	0	0	0	17	17	17	0	0	0	0	0	0	0	0	0	0	0	0	10	7	7	0	0	0	0	0	0	0	0	0	0	0	0	39	38	38	0	0	0	0	0	0	0	0	0	0	0	0	2	2	2	0	0	0	0	0	0	0	0	0	0	0	0	
224	_883_@M01093:134:000000000-D893R:1:1102:21784:1872	productive	Homsap IGHV3-30-3*01 F	106	84	60	24	4	0	5	3	6	0	6	4	5	9	6	26	11	7	4	2	0	1	1	0	0	0	2	1	1	0	12	8	3	5	0	0	1	1	2	0	1	0	1	3	1	17	17	16	1	0	0	0	0	0	0	1	0	0	0	1	10	8	4	4	0	0	0	1	0	0	3	0	0	1	3	39	38	30	8	1	0	2	0	4	0	1	1	2	4	1	2	2	0	2	1	0	1	0	0	0	0	1	1	0	0	
225	_895_@M01093:134:000000000-D893R:1:1102:19365:1952	productive	Homsap IGHV3-33*01 F, or Homsap IGHV3-33*06 F	106	84	76	8	2	0	1	2	1	0	2	2	1	3	2	26	11	7	4	1	0	0	2	0	0	1	1	0	2	1	12	8	7	1	0	0	0	0	1	0	0	0	0	1	0	17	17	15	2	0	0	1	0	0	0	1	0	1	0	1	10	8	8	0	0	0	0	0	0	0	0	0	0	0	0	39	38	38	0	0	0	0	0	0	0	0	0	0	0	0	2	2	1	1	1	0	0	0	0	0	0	1	0	0	0	
226	_898_@M01093:134:000000000-D893R:1:1102:17532:1989	productive	Homsap IGHV3-33*01 F, or Homsap IGHV3-33*06 F	106	84	71	13	1	0	2	4	1	1	4	1	2	6	4	26	11	7	4	0	0	0	1	0	1	2	0	0	2	2	12	8	7	1	0	0	0	0	1	0	0	0	0	1	0	17	17	12	5	0	0	2	2	0	0	1	0	2	2	1	10	8	8	0	0	0	0	0	0	0	0	0	0	0	0	39	38	36	2	0	0	0	1	0	0	1	0	0	1	1	2	2	1	1	1	0	0	0	0	0	0	1	0	0	0	
227	>899_@M01093:134:000000000-D893R:1:1102:4507:19967	unproductive	Homsap IGHV3-30-3*01 F	106	84	60	24	2	0	6	2	6	0	8	2	6	8	8	26	11	9	2	0	0	1	0	0	0	1	0	1	0	1	12	8	3	5	0	0	1	1	2	0	1	0	1	3	1	17	17	15	2	0	0	1	0	0	0	1	0	1	0	1	10	8	4	4	0	0	0	1	0	0	3	0	0	1	3	39	38	29	9	1	0	2	0	4	0	2	1	2	4	2	2	2	0	2	1	0	1	0	0	0	0	1	1	0	0	
228	_957_@M01093:134:000000000-D893R:1:1102:21760:2231	unproductive	Homsap IGHV4-34*01 F, or Homsap IGHV4-34*02 F	106	83	78	5	0	0	1	3	0	0	1	0	1	3	1	26	11	11	0	0	0	0	0	0	0	0	0	0	0	0	12	8	8	0	0	0	0	0	0	0	0	0	0	0	0	17	17	13	4	0	0	1	2	0	0	1	0	1	2	1	10	7	6	1	0	0	0	1	0	0	0	0	0	1	0	39	38	38	0	0	0	0	0	0	0	0	0	0	0	0	2	2	2	0	0	0	0	0	0	0	0	0	0	0	0	
229	_959_@M01093:134:000000000-D893R:1:1102:27471:2235	productive	Homsap IGHV3-30*04 F, or Homsap IGHV3-30-3*03 F	106	84	75	9	1	0	1	2	0	1	4	1	1	3	4	26	11	8	3	0	0	0	0	0	1	2	0	0	1	2	12	8	8	0	0	0	0	0	0	0	0	0	0	0	0	17	17	13	4	0	0	1	2	0	0	1	0	1	2	1	10	8	8	0	0	0	0	0	0	0	0	0	0	0	0	39	38	36	2	1	0	0	0	0	0	1	1	0	0	1	2	2	2	0	0	0	0	0	0	0	0	0	0	0	0	
230	_963_@M01093:134:000000000-D893R:1:1102:21548:2247	productive	Homsap IGHV3-33*01 F, or Homsap IGHV3-33*06 F	106	84	78	6	1	1	0	2	1	0	1	1	1	3	1	26	11	9	2	0	0	0	1	0	0	1	0	0	1	1	12	8	7	1	0	0	0	0	1	0	0	0	0	1	0	17	17	15	2	0	1	0	1	0	0	0	0	1	1	0	10	8	8	0	0	0	0	0	0	0	0	0	0	0	0	39	38	38	0	0	0	0	0	0	0	0	0	0	0	0	2	2	1	1	1	0	0	0	0	0	0	1	0	0	0	
231	_966_@M01093:134:000000000-D893R:1:1102:17627:2257	productive	Homsap IGHV3-30*09 F, or Homsap IGHV3-30-3*01 F	106	84	57	27	3	0	5	6	6	0	7	3	5	12	7	26	11	6	5	1	0	1	2	0	0	1	1	1	2	1	12	8	3	5	0	0	1	1	2	0	1	0	1	3	1	17	17	14	3	0	0	1	1	0	0	1	0	1	1	1	10	8	4	4	0	0	0	1	0	0	3	0	0	1	3	39	38	30	8	1	0	2	0	4	0	1	1	2	4	1	2	2	0	2	1	0	0	1	0	0	0	1	0	1	0	
232	_968_@M01093:134:000000000-D893R:1:1102:15154:2259	productive	Homsap IGHV3-15*01 F, or Homsap IGHV3-15*02 F	106	86	79	7	0	0	1	2	0	1	3	0	1	3	3	26	11	9	2	0	0	0	0	0	1	1	0	0	1	1	12	8	8	0	0	0	0	0	0	0	0	0	0	0	0	17	17	13	4	0	0	1	2	0	0	1	0	1	2	1	10	10	9	1	0	0	0	0	0	0	1	0	0	0	1	39	38	38	0	0	0	0	0	0	0	0	0	0	0	0	2	2	2	0	0	0	0	0	0	0	0	0	0	0	0	
233	>971_@M01093:134:000000000-D893R:1:1102:8779:23047	unproductive	Homsap IGHV3-15*01 F, or Homsap IGHV3-15*02 F	106	86	80	6	2	1	0	0	0	0	3	2	1	0	3	26	11	8	3	2	0	0	0	0	0	1	2	0	0	1	12	8	8	0	0	0	0	0	0	0	0	0	0	0	0	17	17	17	0	0	0	0	0	0	0	0	0	0	0	0	10	10	9	1	0	0	0	0	0	0	1	0	0	0	1	39	38	36	2	0	1	0	0	0	0	1	0	1	0	1	2	2	2	0	0	0	0	0	0	0	0	0	0	0	0	
234	_978_@M01093:134:000000000-D893R:1:1102:24978:2340	productive	Homsap IGHV3-33*01 F, or Homsap IGHV3-33*06 F	106	84	78	6	1	0	0	3	1	0	1	1	0	4	1	26	11	8	3	0	0	0	2	0	0	1	0	0	2	1	12	8	7	1	0	0	0	0	1	0	0	0	0	1	0	17	17	16	1	0	0	0	1	0	0	0	0	0	1	0	10	8	8	0	0	0	0	0	0	0	0	0	0	0	0	39	38	38	0	0	0	0	0	0	0	0	0	0	0	0	2	2	1	1	1	0	0	0	0	0	0	1	0	0	0	
235	_983_@M01093:134:000000000-D893R:1:1102:19696:2363	productive	Homsap IGHV3-33*01 F, or Homsap IGHV3-33*06 F	106	84	72	12	1	1	3	3	1	0	3	1	4	4	3	26	11	5	6	0	1	2	1	0	0	2	0	3	1	2	12	8	7	1	0	0	0	0	1	0	0	0	0	1	0	17	17	13	4	0	0	1	2	0	0	1	0	1	2	1	10	8	8	0	0	0	0	0	0	0	0	0	0	0	0	39	38	38	0	0	0	0	0	0	0	0	0	0	0	0	2	2	1	1	1	0	0	0	0	0	0	1	0	0	0	
236	_984_@M01093:134:000000000-D893R:1:1102:18770:2368	unproductive	Homsap IGHV4-34*01 F, or Homsap IGHV4-34*02 F	106	83	79	4	0	0	2	0	1	0	1	0	2	1	1	26	11	10	1	0	0	1	0	0	0	0	0	1	0	0	12	8	8	0	0	0	0	0	0	0	0	0	0	0	0	17	17	15	2	0	0	1	0	0	0	1	0	1	0	1	10	7	7	0	0	0	0	0	0	0	0	0	0	0	0	39	38	37	1	0	0	0	0	1	0	0	0	0	1	0	2	2	2	0	0	0	0	0	0	0	0	0	0	0	0	
237	_986_@M01093:134:000000000-D893R:1:1102:18701:2380	productive	Homsap IGHV3-15*01 F, or Homsap IGHV3-15*02 F	106	86	79	7	0	0	2	1	0	1	3	0	2	2	3	26	11	8	3	0	0	1	0	0	1	1	0	1	1	1	12	8	8	0	0	0	0	0	0	0	0	0	0	0	0	17	17	14	3	0	0	1	1	0	0	1	0	1	1	1	10	10	9	1	0	0	0	0	0	0	1	0	0	0	1	39	38	38	0	0	0	0	0	0	0	0	0	0	0	0	2	2	2	0	0	0	0	0	0	0	0	0	0	0	0	
238	_987_@M01093:134:000000000-D893R:1:1102:24076:2381	unproductive	Homsap IGHV3-30*04 F, or Homsap IGHV3-30-3*03 F	106	84	78	6	0	1	0	1	0	0	4	0	1	1	4	26	11	9	2	0	0	0	0	0	0	2	0	0	0	2	12	8	8	0	0	0	0	0	0	0	0	0	0	0	0	17	17	14	3	0	1	0	1	0	0	1	0	1	1	1	10	8	8	0	0	0	0	0	0	0	0	0	0	0	0	39	38	37	1	0	0	0	0	0	0	1	0	0	0	1	2	2	2	0	0	0	0	0	0	0	0	0	0	0	0	
239	_994_@M01093:134:000000000-D893R:1:1102:17827:2423	No results	
240	_998_@M01093:134:000000000-D893R:1:1102:17999:2478	unproductive	Homsap IGHV4-34*01 F, or Homsap IGHV4-34*02 F	106	83	79	4	0	0	1	2	0	0	1	0	1	2	1	26	11	11	0	0	0	0	0	0	0	0	0	0	0	0	12	8	8	0	0	0	0	0	0	0	0	0	0	0	0	17	17	13	4	0	0	1	2	0	0	1	0	1	2	1	10	7	7	0	0	0	0	0	0	0	0	0	0	0	0	39	38	38	0	0	0	0	0	0	0	0	0	0	0	0	2	2	2	0	0	0	0	0	0	0	0	0	0	0	0	
